best_sol:91 380 111 52 5 225 80 30 191 251 117 319 231 134 109 263 98 226 142 161 151 150 240 223 254 41 31 193 141 316 227 322 237 59 35 388 54 207 253 51 328 398 336 96 185 218 276 393 295 277 270 205 100 71 75 290 168 184 157 158 261 384 15 358 92 262 281 252 116 7 33 222 383 302 123 131 210 162 230 12 239 37 326 81 29 323 36 46 299 349 64 178 171 203 282 312 1 130 108 68 257 128 175 320 127 372 112 220 215 293 370 377 321 375 170 199 285 34 48 152 238 371 77 25 315 118 202 399 280 317 0 300 387 242 318 271 195 87 273 94 177 138 102 4 219 95 200 73 308 351 234 146 53 266 353 314 334 69 79 190 43 344 106 214 341 385 248 294 27 389 28 335 149 26 245 114 180 14 235 356 197 386 88 47 93 298 172 160 82 278 67 122 291 169 305 198 337 204 72 124 121 373 188 397 23 24 379 105 212 241 10 58 153 255 163 174 362 381 209 60 133 338 62 166 186 332 342 144 97 155 104 306 206 246 243 55 392 249 256 120 301 216 3 357 42 345 154 90 39 352 265 369 274 56 396 275 307 309 343 267 217 139 173 395 6 366 13 378 232 333 11 86 224 279 340 145 8 313 339 9 260 355 228 233 99 325 74 85 107 179 156 84 348 61 119 164 20 330 390 264 49 208 132 296 258 376 211 57 103 268 304 135 364 346 113 181 221 297 143 354 310 284 350 361 148 213 50 382 17 201 287 165 283 250 303 136 363 187 292 286 327 19 83 368 259 137 367 140 159 324 272 391 89 394 110 78 374 192 21 360 182 244 311 189 229 115 40 183 70 147 63 347 194 101 38 76 236 167 247 45 126 329 331 66 22 16 359 288 125 44 365 32 129 18 65 269 176 289 2 196 
exact_result:-3939049  是否排列1 ax=3587  bx=12  cx=-782093  obj=-3939049
 ax上界求解时间：1.360000 上界花费时间：1.360000
 ax下界求解时间：1.203000 下界花费时间：1.219000 
bx上界求解时间：1.266000 上界花费时间：1.281000
 bx下界求解时间：1.172000 下界花费时间：1.188000 
模型总求解时间：13.906000  模型求解时间：8.031000 axbx上下届时间：5.641000 结果是否最优:y
***********
Minimum Execution Time:13.906000
Maximum Execution Time:13.906000
Average Execution Time:13.906000
