best_sol:86 126 154 377 210 44 105 231 337 329 177 193 13 365 350 398 152 11 16 21 244 141 32 62 184 103 122 118 326 285 74 162 362 359 247 94 224 0 106 6 22 266 369 51 316 269 342 9 31 57 340 3 19 272 165 277 339 187 345 49 172 265 222 153 52 12 320 4 291 100 89 61 41 186 397 121 204 259 213 250 116 386 217 23 276 68 304 215 123 179 347 93 313 175 349 198 40 328 18 278 84 353 10 229 33 42 119 324 273 35 207 385 75 227 373 125 83 114 341 194 54 352 151 107 218 48 37 382 97 140 364 78 158 366 245 108 290 367 202 256 270 188 287 360 99 199 228 384 102 71 17 267 307 323 233 132 235 311 331 197 147 220 185 209 201 145 190 230 2 383 300 205 65 29 169 131 332 98 390 87 160 212 314 109 195 240 275 72 182 257 156 50 63 295 319 343 387 389 330 234 7 381 249 124 239 368 255 293 25 115 268 34 321 221 55 264 297 376 43 372 92 253 113 248 254 183 155 91 216 96 309 263 306 142 178 138 358 236 67 214 30 168 200 354 135 395 391 296 356 196 223 374 111 371 166 299 167 69 45 136 219 173 149 15 344 110 308 310 73 163 211 24 60 363 226 379 129 279 189 252 246 64 104 176 157 284 325 148 336 36 315 301 82 26 161 393 361 191 38 117 39 280 260 357 238 27 338 274 164 90 79 70 53 399 150 303 348 262 327 134 378 137 14 88 8 388 232 251 76 206 335 312 346 127 159 243 351 146 128 396 47 20 101 370 334 180 392 85 242 95 281 181 120 81 283 77 271 318 139 288 375 298 241 322 59 394 1 143 133 46 317 380 294 170 289 112 58 258 174 192 225 237 302 261 305 286 144 203 66 208 171 282 5 56 292 80 355 28 333 130 
exact_result:116133758  是否排列1 ax=4680  bx=24795  cx=93158  obj=116133758
 ax上界求解时间：1.640000 上界花费时间：1.656000
 ax下界求解时间：1.375000 下界花费时间：1.375000 
bx上界求解时间：1.687000 上界花费时间：1.703000
 bx下界求解时间：1.719000 下界花费时间：1.735000 
模型总求解时间：10.765000  模型求解时间：3.546000 axbx上下届时间：7.000000 
***********
Minimum Execution Time:10.765000
Maximum Execution Time:10.765000
Average Execution Time:10.765000
