best_sol:411 1104 913 1034 107 1148 1175 1031 785 1016 1000 1028 7 570 216 189 169 43 110 1037 515 1195 1177 968 162 349 774 1109 700 711 172 566 72 279 52 1043 660 918 959 341 391 545 360 1093 1032 364 353 514 641 1022 575 283 828 577 607 379 887 1138 823 880 568 507 70 794 926 1169 188 82 490 871 995 801 1129 710 518 697 677 783 155 705 80 651 123 219 725 898 560 380 321 540 1049 1127 367 721 361 693 1014 949 28 1046 868 37 639 109 0 980 247 213 1130 701 1033 756 399 1040 9 816 917 458 265 253 74 68 749 108 516 181 499 925 936 542 648 1116 77 502 312 479 1145 1018 810 861 362 334 826 524 451 402 851 182 814 95 179 529 762 1056 150 707 592 69 986 698 950 778 882 736 221 1008 119 1063 1057 770 248 1044 120 985 6 533 471 599 29 425 1156 42 497 348 594 32 142 311 14 1006 973 613 417 1039 850 273 45 658 703 175 454 580 1072 1147 102 675 846 747 512 476 459 140 122 355 33 757 582 94 461 13 793 644 559 611 106 258 92 546 25 847 483 455 873 1042 576 442 890 629 758 1068 378 1103 400 608 892 1151 59 88 34 513 1117 1048 1036 735 556 699 1180 86 494 506 792 755 652 318 331 44 24 432 390 84 298 664 280 837 662 30 754 574 1005 287 268 862 612 1098 1162 347 746 290 1045 325 153 990 457 993 215 227 981 996 719 173 10 765 1052 1136 450 791 124 692 78 803 1035 1089 632 190 663 158 208 636 19 174 795 931 798 876 510 440 714 186 5 558 389 979 274 722 884 345 938 152 643 551 127 149 284 536 864 685 456 730 351 928 753 680 207 702 496 460 930 875 967 509 947 159 1111 1196 622 1186 992 525 691 999 775 538 944 1172 806 488 315 835 401 446 839 804 16 628 923 262 237 870 1082 893 136 1199 771 1065 585 299 708 784 1094 953 192 983 504 168 605 358 15 969 58 1176 294 829 924 75 602 922 572 914 1038 593 553 295 654 549 176 3 845 350 665 195 354 937 618 527 381 17 954 896 239 1019 426 777 64 976 493 138 99 452 1062 263 1188 260 541 508 661 366 250 902 842 144 132 111 1071 276 587 114 1135 657 51 737 54 811 548 1198 772 1024 659 687 989 467 1088 485 982 598 1166 694 89 328 695 1004 414 167 39 87 474 60 557 1 322 35 307 838 470 616 712 246 2 98 604 748 22 1050 1126 259 128 905 715 767 477 734 818 562 447 1121 724 732 886 866 565 212 834 344 796 808 681 233 820 117 720 554 487 1153 270 869 934 27 957 85 242 203 220 1187 481 225 752 137 955 403 65 223 535 1029 320 222 48 671 623 670 635 309 610 819 463 920 673 1058 727 797 388 1077 147 377 254 958 1161 779 741 656 589 300 686 437 505 133 1124 129 895 418 332 256 1125 750 177 370 822 569 369 1181 1054 523 151 956 205 288 1083 56 744 606 833 91 1197 630 194 324 20 812 773 1078 781 1092 90 197 547 433 879 427 1107 498 210 941 18 113 856 790 718 885 1113 204 519 96 908 1158 200 135 640 434 501 421 187 552 858 832 1100 472 466 1119 1060 38 289 573 255 945 906 484 859 293 526 67 609 1160 666 1190 960 243 346 319 1112 230 766 586 397 115 637 1026 1171 940 900 333 229 445 916 728 431 1183 423 731 998 743 382 81 965 927 26 1174 726 63 638 429 915 139 422 116 105 261 491 301 1185 383 141 964 563 240 1110 313 855 1069 591 974 1108 1085 899 1164 543 339 365 396 579 503 4 228 376 1087 338 874 534 759 650 935 595 257 1168 567 1084 352 1152 305 185 740 1073 473 1142 308 571 674 709 327 363 357 249 104 251 1114 439 600 47 211 597 729 462 163 854 1173 948 584 614 482 742 939 101 1080 977 769 645 836 1061 146 184 1134 841 264 713 408 21 492 889 800 206 453 392 717 281 416 310 919 495 1193 929 848 1070 1118 1120 191 745 857 1075 329 31 689 145 877 387 904 326 269 789 291 218 1106 690 975 1139 398 1131 1053 883 561 405 682 888 624 183 372 615 394 143 302 314 921 843 688 335 393 199 1003 62 36 1159 272 1101 444 991 1012 776 178 544 621 799 764 57 1133 987 412 912 626 1051 963 448 282 642 231 12 121 166 435 8 436 373 235 209 285 1090 550 316 891 404 521 787 278 415 669 706 232 1123 130 590 1154 1155 126 1011 668 465 653 1184 1074 198 1047 1079 1167 1191 531 55 578 631 760 160 978 103 763 809 66 619 867 428 634 1059 1021 676 596 863 1020 907 530 844 1025 817 236 672 297 1096 815 330 385 853 83 831 878 555 1144 1055 1165 271 277 368 678 528 157 489 840 625 424 374 788 537 1137 148 511 156 438 897 667 76 1030 1010 1141 100 170 581 824 805 252 275 1192 478 952 802 406 1146 46 468 1086 961 340 112 1067 118 1001 395 617 951 1105 196 1179 646 751 1128 79 988 962 946 306 655 696 266 375 813 161 933 1189 41 903 532 50 910 430 1182 371 53 217 679 214 733 1002 1178 909 420 852 970 966 827 522 1150 409 11 1013 486 972 40 419 164 469 932 71 627 1140 500 603 49 849 984 267 73 942 1007 61 583 480 449 1015 997 343 443 865 1163 1149 633 336 830 165 342 234 1194 1122 588 202 1097 359 97 296 407 180 154 994 337 441 1023 193 901 286 386 201 1081 134 464 1066 244 768 93 684 761 1064 1143 292 356 739 894 1132 704 683 384 1099 780 716 649 171 323 413 303 601 241 1102 475 738 539 647 825 786 943 1091 517 872 1017 1027 1041 1157 1115 1095 1009 23 881 245 226 1170 620 410 131 317 1076 304 564 911 782 971 238 860 224 520 125 807 723 821 
exact_result:1072291212  是否排列1 ax=14413  bx=74380  cx=252272  obj=1072291212
 ax上界求解时间：26.656000 上界花费时间：26.734000
 ax下界求解时间：22.656000 下界花费时间：22.750000 
bx上界求解时间：27.328000 上界花费时间：27.422000
 bx下界求解时间：29.625000 下界花费时间：29.703000 
模型总求解时间：194.360000  模型求解时间：79.532000 axbx上下届时间：112.625000 
***********
Minimum Execution Time:194.360000
Maximum Execution Time:194.360000
Average Execution Time:194.360000
