best_sol:3 25 127 128 139 146 118 23 4 62 26 80 106 2 172 111 164 79 165 22 6 197 87 130 168 153 150 53 28 99 42 116 191 198 133 189 122 59 41 144 55 142 45 14 154 155 151 57 13 186 105 61 78 143 32 101 47 82 152 136 179 192 183 70 199 174 140 0 37 149 138 176 36 75 188 17 160 56 29 95 134 20 119 131 43 19 175 193 89 96 73 21 195 161 184 52 10 117 159 1 49 69 77 27 103 107 94 63 196 24 190 120 115 39 86 110 5 93 157 124 173 177 147 72 66 51 132 129 38 16 180 156 171 185 126 15 187 163 68 81 141 100 114 44 85 91 11 8 34 137 30 194 123 9 50 90 54 170 83 97 76 113 58 98 166 60 112 121 145 162 67 48 31 46 40 104 84 167 74 181 33 158 102 182 148 18 64 109 7 108 35 169 92 71 65 88 125 135 12 178 
exact_result:2999694  ax=218  bx=13531  cx=49936
模型总求解时间：3604.075000  结果是否最优:ny
***********
Minimum Execution Time:3604.075000
Maximum Execution Time:3604.075000
Average Execution Time:3604.075000
best_sol:3 25 127 128 139 146 118 23 4 62 26 80 106 2 172 111 164 79 165 22 6 197 87 130 168 153 150 53 28 99 42 116 191 198 133 189 122 59 41 144 55 142 45 14 154 155 151 57 13 186 105 61 78 143 32 101 47 82 152 136 179 192 183 70 199 174 140 0 37 149 138 176 36 75 188 17 160 56 29 95 134 20 119 131 43 19 175 193 89 96 73 21 195 161 184 52 10 117 159 1 49 69 77 27 103 107 94 63 196 24 190 120 115 39 86 110 5 93 157 124 173 177 147 72 66 51 132 129 38 16 180 156 171 185 126 15 187 163 68 81 141 100 114 44 85 91 11 8 34 137 30 194 123 9 50 90 54 170 83 97 76 113 58 98 166 60 112 121 145 162 67 48 31 46 40 104 84 167 74 181 33 158 102 182 148 18 64 109 7 108 35 169 92 71 65 88 125 135 12 178 
exact_result:2999694  ax=218  bx=13531  cx=49936
模型总求解时间：3603.099000  结果是否最优:ny
***********
Minimum Execution Time:3603.099000
Maximum Execution Time:3603.099000
Average Execution Time:3603.099000
