best_sol:329 771 357 634 658 586 97 121 335 736 664 211 416 319 645 435 49 725 200 639 431 484 270 384 674 6 620 348 567 589 8 543 292 128 649 716 420 709 741 641 355 510 642 109 758 517 411 456 761 22 247 554 220 409 318 406 715 86 253 401 440 26 344 349 762 408 145 299 162 136 251 87 172 132 744 578 747 277 35 366 207 267 513 1 734 100 332 454 377 763 191 273 125 530 394 449 782 302 250 112 356 631 124 184 560 126 180 115 757 218 755 305 514 730 76 210 147 798 233 39 607 90 20 67 667 595 791 3 575 95 48 243 260 659 146 563 296 565 441 708 683 102 573 503 167 45 739 403 343 351 399 547 738 33 663 748 208 275 374 518 330 717 766 570 74 187 453 483 103 551 628 460 669 224 720 765 486 380 34 542 42 264 512 212 694 238 555 740 257 11 504 227 470 72 506 479 458 80 325 188 579 422 767 84 423 629 94 450 774 424 446 194 186 244 189 133 354 706 404 769 481 515 737 464 507 190 213 776 93 499 502 314 129 647 71 556 117 562 234 379 797 23 122 679 427 545 610 322 779 396 584 455 770 576 644 743 695 246 466 169 500 750 434 721 546 525 197 594 310 57 599 712 622 713 432 92 587 535 702 478 395 301 358 780 321 159 68 138 54 410 775 442 582 519 537 181 433 539 139 262 163 467 569 723 339 153 215 534 682 714 621 601 369 597 157 240 255 407 632 686 150 459 77 294 603 419 561 522 388 568 462 421 564 286 303 448 673 222 638 795 293 548 648 472 606 306 616 764 463 242 726 494 429 447 398 70 508 509 571 282 353 400 796 265 0 650 313 691 323 618 78 52 707 491 688 164 287 221 735 73 312 445 697 600 65 626 5 258 308 149 315 196 636 175 680 4 32 320 793 468 365 58 724 182 785 772 252 652 328 533 789 205 96 223 309 461 316 235 51 719 178 166 572 482 337 198 372 82 183 193 249 788 236 531 216 59 83 752 261 123 15 615 334 497 338 784 63 749 613 676 281 116 383 151 88 640 228 231 696 585 666 704 148 710 657 278 170 402 340 591 444 142 79 362 202 30 465 436 580 165 60 382 451 633 40 559 99 7 19 17 630 37 307 665 225 44 516 532 662 256 699 91 781 414 85 653 341 753 790 114 745 367 135 661 28 392 217 199 490 352 477 746 773 701 668 524 288 722 643 792 386 185 577 390 438 523 656 625 105 476 387 544 627 368 609 698 602 229 241 690 214 104 574 280 496 611 670 583 405 295 360 144 397 430 373 624 646 473 660 10 53 297 209 413 471 605 520 593 485 326 259 152 541 364 588 711 192 581 488 36 2 317 285 731 521 437 347 498 168 237 590 391 230 671 754 689 549 119 443 176 9 493 284 18 718 778 733 98 678 50 154 786 219 511 794 283 127 345 489 557 140 346 174 672 268 787 363 474 480 375 226 536 110 705 311 118 614 14 361 475 655 69 134 108 759 426 239 526 612 751 300 552 272 635 681 106 55 598 12 495 232 692 799 155 16 43 206 248 566 693 156 654 141 263 684 56 333 617 271 89 777 378 553 703 732 24 417 171 31 687 385 608 290 269 276 177 179 131 13 637 41 371 540 81 675 245 204 505 21 727 342 596 274 143 298 418 130 324 137 46 469 331 101 487 425 381 203 304 75 376 266 359 111 279 550 527 742 783 289 604 760 528 38 729 29 25 728 439 412 161 700 201 350 370 428 501 158 107 62 538 47 415 66 623 685 291 619 27 677 529 768 457 160 592 195 120 651 452 113 254 558 756 336 492 61 389 64 327 173 393 
exact_result:20935326  是否排列1 ax=2179  bx=9600  cx=16926  obj=20935326
 ax上界求解时间：7.815000 上界花费时间：7.855000
 ax下界求解时间：7.517000 下界花费时间：7.558000 
bx上界求解时间：7.793000 上界花费时间：7.835000
 bx下界求解时间：9.013000 下界花费时间：9.056000 
模型总求解时间：89.520000  模型求解时间：53.727000 axbx上下届时间：34.850000 结果是否最优:y
***********
Minimum Execution Time:89.520000
Maximum Execution Time:89.520000
Average Execution Time:89.520000
