best_sol:244 309 189 397 147 232 172 87 75 151 112 135 549 362 103 202 289 60 17 408 209 170 32 508 552 61 409 439 249 314 317 455 298 426 473 396 365 337 430 169 242 180 330 279 158 376 295 447 388 55 138 563 218 382 310 580 313 280 241 547 502 495 184 339 181 127 306 416 222 585 281 207 487 264 577 57 572 198 167 350 106 296 248 261 335 129 76 481 28 118 152 594 162 230 514 286 131 3 421 73 370 569 219 276 384 392 215 144 328 582 45 371 182 571 82 338 342 496 14 102 301 93 492 453 225 111 568 265 424 16 567 459 560 457 576 465 26 134 266 507 542 533 11 368 537 187 510 378 139 212 186 375 525 592 101 556 581 423 204 110 293 44 528 381 98 363 53 285 116 179 70 30 578 391 307 474 191 441 485 433 126 85 415 427 323 174 74 322 69 278 27 250 336 349 588 117 579 140 333 194 444 197 520 287 272 67 308 304 20 88 165 509 51 46 86 72 283 291 562 387 559 359 544 469 137 524 434 39 150 236 300 171 597 145 273 570 269 583 84 477 115 347 231 587 373 155 345 275 452 267 411 190 386 160 238 95 192 205 49 573 470 24 312 62 400 148 516 58 448 435 369 89 522 483 351 461 497 395 105 484 406 380 356 463 21 478 505 107 445 119 66 92 305 299 513 23 489 263 243 598 216 534 277 443 120 530 531 251 551 352 245 436 229 188 557 599 536 13 90 355 374 511 100 377 213 431 460 414 540 159 239 541 161 38 353 254 521 268 177 591 41 555 548 553 419 217 132 385 482 319 518 12 133 228 410 318 383 163 149 523 292 332 527 193 71 99 475 47 223 178 535 532 33 6 240 454 450 493 393 183 108 50 357 210 499 221 515 25 442 214 97 539 398 358 354 538 256 42 311 402 490 224 403 164 54 22 259 471 104 142 390 501 320 114 125 324 233 0 18 586 282 154 519 343 425 486 346 294 341 366 327 422 550 404 176 344 227 574 56 413 257 247 156 432 561 543 399 258 29 479 512 440 153 262 40 253 334 1 565 143 428 136 79 554 252 367 394 2 468 590 303 124 467 340 325 15 297 437 166 36 274 412 348 168 195 8 529 290 37 237 220 405 141 270 235 234 526 200 226 78 451 203 4 480 284 566 438 449 81 315 331 59 271 128 488 64 498 575 589 364 288 123 446 361 91 504 429 372 211 77 302 43 255 329 491 206 199 389 401 360 208 65 558 7 94 472 5 121 68 584 517 546 596 260 321 196 476 9 113 122 464 466 63 19 379 10 593 418 83 146 595 462 246 326 407 173 34 157 109 80 545 201 48 417 130 503 96 500 458 52 185 456 564 506 494 420 35 316 175 31 
exact_result:11604469  是否排列1 ax=1616  bx=7173  cx=12901  obj=11604469
 ax上界求解时间：3.992000 上界花费时间：4.015000
 ax下界求解时间：3.808000 下界花费时间：3.832000 
bx上界求解时间：4.500000 上界花费时间：4.524000
 bx下界求解时间：4.286000 下界花费时间：4.311000 
模型总求解时间：34.450000  模型求解时间：15.932000 axbx上下届时间：18.021000 结果是否最优:y
***********
Minimum Execution Time:34.450000
Maximum Execution Time:34.450000
Average Execution Time:34.450000
