best_sol:326 280 454 303 277 126 288 34 261 147 506 62 198 308 254 188 56 226 47 99 535 345 104 400 132 425 429 19 92 477 111 148 456 413 131 262 365 242 249 423 396 518 409 44 46 149 368 469 58 342 257 153 117 259 211 221 517 511 380 293 13 367 455 130 448 595 112 285 155 180 333 43 327 239 250 171 451 445 478 401 597 418 28 298 573 107 157 529 300 360 319 530 85 422 48 193 290 76 264 421 398 279 158 191 222 503 550 218 134 297 11 555 29 238 86 289 307 100 10 164 525 390 213 94 495 122 426 5 243 318 154 481 248 311 325 484 548 212 453 182 314 54 363 168 486 560 50 490 516 339 335 581 330 338 167 373 268 37 391 256 356 33 522 437 231 544 35 590 1 541 361 474 412 274 376 172 465 556 564 301 524 316 436 140 447 281 2 532 235 434 17 161 103 144 169 574 179 346 64 428 121 190 350 468 354 347 80 521 499 349 163 201 215 6 38 247 45 539 382 508 366 592 480 444 449 554 312 72 91 416 452 265 488 101 533 113 214 383 575 229 599 384 512 430 95 217 463 344 176 197 472 87 89 538 566 67 493 343 476 55 543 74 571 562 485 527 315 138 57 7 150 523 39 12 105 102 531 578 389 359 374 269 170 142 61 402 369 93 224 579 462 51 21 433 515 26 194 27 260 127 68 309 136 295 505 519 329 411 586 20 475 362 63 324 9 305 98 580 371 178 377 585 205 431 286 323 509 192 273 341 230 567 427 175 177 583 234 414 78 438 419 22 114 152 236 73 124 210 372 283 223 16 526 118 270 240 79 53 189 340 317 220 504 570 83 561 328 306 569 90 322 424 165 162 568 52 553 549 510 501 208 473 36 502 392 145 294 387 258 441 119 487 237 348 364 246 195 199 594 393 166 187 410 120 584 42 381 513 497 225 483 450 546 332 313 304 440 420 8 507 460 572 159 552 116 24 75 545 204 457 156 151 216 443 379 514 467 461 388 299 355 125 233 565 540 209 253 336 321 173 395 40 32 4 593 464 404 0 81 184 69 537 143 23 96 520 302 439 137 432 110 536 206 435 255 587 375 185 547 588 128 71 183 589 591 77 219 59 65 482 88 30 135 500 385 458 292 397 446 203 417 174 271 139 287 272 494 123 227 470 596 577 282 370 459 576 406 352 207 82 296 141 60 200 466 3 146 408 559 41 266 129 582 320 241 353 386 407 492 181 479 70 489 334 228 49 405 378 498 25 358 202 115 244 558 278 133 263 415 106 291 491 196 598 186 442 403 267 557 551 84 276 471 563 251 160 109 14 31 528 331 496 542 232 15 97 310 534 245 108 357 399 351 394 275 284 252 18 66 337 
exact_result:-203526090  是否排列1 ax=28666  bx=723  cx=-8251608  obj=-203526090   0 1
 ax上界求解时间：4.179000 上界花费时间：4.201000
 ax下界求解时间：4.444000 下界花费时间：4.468000 
bx上界求解时间：4.144000 上界花费时间：4.166000
 bx下界求解时间：4.555000 下界花费时间：4.578000 
模型总求解时间：365.834000  模型求解时间：346.381000 axbx上下届时间：18.935000 结果是否最优:y
***********
Minimum Execution Time:365.834000
Maximum Execution Time:365.834000
Average Execution Time:365.834000
best_sol:326 280 454 303 277 126 288 34 261 147 506 62 198 308 254 188 56 226 47 99 535 345 104 400 132 425 429 19 92 477 111 148 456 413 131 262 365 242 249 423 396 518 409 44 46 149 368 469 58 342 257 153 117 259 211 221 517 511 380 293 13 367 455 130 448 595 112 285 155 180 333 43 327 239 250 171 451 445 478 401 597 418 28 298 573 107 157 529 300 360 319 530 85 422 48 193 290 76 264 421 398 279 158 191 222 503 550 218 134 297 11 555 29 238 86 289 307 100 10 164 525 390 213 94 495 122 426 5 243 318 154 481 248 311 325 484 548 212 453 182 314 54 363 168 486 560 50 490 516 339 335 581 330 338 167 373 268 37 391 256 356 33 522 437 231 544 35 590 1 541 361 474 412 274 376 172 465 556 564 301 524 316 436 140 447 281 2 532 235 434 17 161 103 144 169 574 179 346 64 428 121 190 350 468 354 347 80 521 499 349 163 201 215 6 38 247 45 539 382 508 366 592 480 444 449 554 312 72 91 416 452 265 488 101 533 113 214 383 575 229 599 384 512 430 95 217 463 344 176 197 472 87 89 538 566 67 493 343 476 55 543 74 571 562 485 527 315 138 57 7 150 523 39 12 105 102 531 578 389 359 374 269 170 142 61 402 369 93 224 579 462 51 21 433 515 26 194 27 260 127 68 309 136 295 505 519 329 411 586 20 475 362 63 324 9 305 98 580 371 178 377 585 205 431 286 323 509 192 273 341 230 567 427 175 177 583 234 414 78 438 419 22 114 152 236 73 124 210 372 283 223 16 526 118 270 240 79 53 189 340 317 220 504 570 83 561 328 306 569 90 322 424 165 162 568 52 553 549 510 501 208 473 36 502 392 145 294 387 258 441 119 487 237 348 364 246 195 199 594 393 166 187 410 120 584 42 381 513 497 225 483 450 546 332 313 304 440 420 8 507 460 572 159 552 116 24 75 545 204 457 156 151 216 443 379 514 467 461 388 299 355 125 233 565 540 209 253 336 321 173 395 40 32 4 593 464 404 0 81 184 69 537 143 23 96 520 302 439 137 432 110 536 206 435 255 587 375 185 547 588 128 71 183 589 591 77 219 59 65 482 88 30 135 500 385 458 292 397 446 203 417 174 271 139 287 272 494 123 227 470 596 577 282 370 459 576 406 352 207 82 296 141 60 200 466 3 146 408 559 41 266 129 582 320 241 353 386 407 492 181 479 70 489 334 228 49 405 378 498 25 358 202 115 244 558 278 133 263 415 106 291 491 196 598 186 442 403 267 557 551 84 276 471 563 251 160 109 14 31 528 331 496 542 232 15 97 310 534 245 108 357 399 351 394 275 284 252 18 66 337 
exact_result:-203526090  是否排列1 ax=28666  bx=723  cx=-8251608  obj=-203526090  0 0
 ax上界求解时间：4.128000 上界花费时间：4.149000
 ax下界求解时间：4.696000 下界花费时间：4.720000 
bx上界求解时间：4.198000 上界花费时间：4.222000
 bx下界求解时间：4.634000 下界花费时间：4.659000 
模型总求解时间：196.912000  模型求解时间：177.201000 axbx上下届时间：19.178000 结果是否最优:y
***********
Minimum Execution Time:196.912000
Maximum Execution Time:196.912000
Average Execution Time:196.912000
best_sol:326 280 454 303 277 567 288 34 261 147 506 62 198 308 254 188 56 226 47 99 535 345 104 400 132 425 429 19 92 477 111 148 456 413 131 262 365 242 249 423 396 518 409 44 46 149 368 469 58 342 257 153 117 259 211 221 517 511 380 293 13 367 455 130 448 595 112 285 155 180 333 43 327 239 250 171 451 445 478 401 597 418 28 298 573 107 157 529 300 360 319 530 85 422 48 193 290 76 264 421 398 279 158 191 222 503 550 218 134 297 11 555 29 126 86 289 307 100 10 164 525 390 213 94 495 122 426 5 243 318 563 154 248 311 325 484 548 212 453 182 314 54 363 168 486 560 50 490 516 339 335 581 330 162 167 373 268 37 391 256 356 33 522 437 231 544 35 590 1 541 361 474 412 274 376 172 465 556 564 301 524 316 238 140 447 281 2 532 235 434 17 161 103 144 169 574 179 346 64 428 121 190 350 468 354 347 80 521 499 349 163 201 215 6 38 247 45 539 382 508 366 592 480 444 449 554 312 72 91 416 452 265 488 101 533 113 214 383 575 229 599 384 512 430 95 217 463 344 176 197 472 87 89 538 566 67 493 343 476 55 543 74 571 562 485 527 315 138 57 7 150 523 39 12 105 102 531 578 389 359 374 269 170 142 61 402 369 93 224 579 462 51 21 433 515 26 194 27 260 127 68 309 136 295 505 519 329 411 586 20 475 362 63 324 9 305 98 580 371 178 377 585 205 431 286 323 509 192 273 341 230 165 427 175 177 583 234 414 78 438 419 22 114 152 236 73 124 210 372 283 223 16 526 118 270 240 79 53 189 340 317 220 504 570 83 561 328 306 569 90 322 424 587 287 568 52 553 549 510 501 208 473 36 502 392 145 294 387 258 441 119 487 237 348 364 246 195 199 594 393 166 187 410 120 584 42 381 513 497 225 483 450 546 332 313 304 440 420 8 507 460 572 159 552 116 24 75 545 204 457 156 151 216 443 379 514 467 461 388 299 355 125 233 565 540 209 253 336 321 173 395 40 32 4 593 464 404 0 81 184 69 537 143 23 96 520 302 439 137 432 110 536 206 435 255 338 375 185 547 588 128 71 183 589 591 77 219 59 65 482 88 30 135 500 385 458 292 397 446 203 417 174 271 139 481 272 494 123 227 470 596 577 282 370 459 576 406 352 207 82 296 141 60 200 466 3 146 408 559 41 266 129 582 320 241 353 386 407 492 181 479 70 489 334 228 49 405 378 498 25 358 202 115 244 558 278 133 263 415 106 291 491 196 598 186 442 403 267 557 551 84 276 471 436 251 160 109 14 31 528 331 496 542 232 15 97 310 534 245 108 357 399 351 394 275 284 252 18 66 337 
exact_result:-203525970  是否排列1 ax=28663  bx=720  cx=-8163330  obj=-203525970    -1 0
 ax上界求解时间：4.101000 上界花费时间：4.123000
 ax下界求解时间：4.437000 下界花费时间：4.460000 
bx上界求解时间：4.093000 上界花费时间：4.115000
 bx下界求解时间：4.517000 下界花费时间：4.540000 
模型总求解时间：232.596000  模型求解时间：213.427000 axbx上下届时间：18.643000 结果是否最优:y
***********
Minimum Execution Time:232.596000
Maximum Execution Time:232.596000
Average Execution Time:232.596000
best_sol:326 280 454 303 277 126 288 34 261 147 506 62 198 308 254 188 56 226 47 99 535 345 104 400 132 425 429 19 92 477 111 148 456 413 131 262 365 242 249 423 396 518 409 44 46 149 368 469 58 342 257 153 117 259 211 221 517 511 380 293 13 367 455 130 448 595 112 285 155 180 333 43 327 239 250 171 451 445 478 401 597 418 28 298 573 107 157 529 300 360 319 530 85 422 48 193 290 76 264 421 398 279 158 191 222 503 550 218 134 297 11 555 29 238 86 289 307 100 10 164 525 390 213 94 495 122 426 5 243 318 154 481 248 311 325 484 548 212 453 182 314 54 363 168 486 560 50 490 516 339 335 581 330 338 167 373 268 37 391 256 356 33 522 437 231 544 35 590 1 541 361 474 412 274 376 172 465 556 564 301 524 316 436 140 447 281 2 532 235 434 17 161 103 144 169 574 179 346 64 428 121 190 350 468 354 347 80 521 499 349 163 201 215 6 38 247 45 539 382 508 366 592 480 444 449 554 312 72 91 416 452 265 488 101 533 113 214 383 575 229 599 384 512 430 95 217 463 344 176 197 472 87 89 538 566 67 493 343 476 55 543 74 571 562 485 527 315 138 57 7 150 523 39 12 105 102 531 578 389 359 374 269 170 142 61 402 369 93 224 579 462 51 21 433 515 26 194 27 260 127 68 309 136 295 505 519 329 411 586 20 475 362 63 324 9 305 98 580 371 178 377 585 205 431 286 323 509 192 273 341 230 567 427 175 177 583 234 414 78 438 419 22 114 152 236 73 124 210 372 283 223 16 526 118 270 240 79 53 189 340 317 220 504 570 83 561 328 306 569 90 322 424 165 162 568 52 553 549 510 501 208 473 36 502 392 145 294 387 258 441 119 487 237 348 364 246 195 199 594 393 166 187 410 120 584 42 381 513 497 225 483 450 546 332 313 304 440 420 8 507 460 572 159 552 116 24 75 545 204 457 156 151 216 443 379 514 467 461 388 299 355 125 233 565 540 209 253 336 321 173 395 40 32 4 593 464 404 0 81 184 69 537 143 23 96 520 302 439 137 432 110 536 206 435 255 587 375 185 547 588 128 71 183 589 591 77 219 59 65 482 88 30 135 500 385 458 292 397 446 203 417 174 271 139 287 272 494 123 227 470 596 577 282 370 459 576 406 352 207 82 296 141 60 200 466 3 146 408 559 41 266 129 582 320 241 353 386 407 492 181 479 70 489 334 228 49 405 378 498 25 358 202 115 244 558 278 133 263 415 106 291 491 196 598 186 442 403 267 557 551 84 276 471 563 251 160 109 14 31 528 331 496 542 232 15 97 310 534 245 108 357 399 351 394 275 284 252 18 66 337 
exact_result:-203526090  是否排列1 ax=28666  bx=723  cx=-8251608  obj=-203526090   -1 1
 ax上界求解时间：4.146000 上界花费时间：4.170000
 ax下界求解时间：4.477000 下界花费时间：4.500000 
bx上界求解时间：4.111000 上界花费时间：4.133000
 bx下界求解时间：4.533000 下界花费时间：4.557000 
模型总求解时间：379.569000  模型求解时间：360.302000 axbx上下届时间：18.750000 结果是否最优:y
***********
Minimum Execution Time:379.569000
Maximum Execution Time:379.569000
Average Execution Time:379.569000
best_sol:326 280 454 303 277 126 288 34 261 147 506 62 198 308 254 188 56 226 47 99 535 345 104 400 132 425 429 19 92 477 111 148 456 413 131 262 365 242 249 423 396 518 409 44 46 149 368 469 58 342 257 153 117 259 211 221 517 511 380 293 13 367 455 118 448 595 112 285 155 180 333 43 327 239 250 171 451 445 478 401 597 418 28 298 573 107 157 529 300 360 319 530 85 422 48 193 290 76 264 421 398 279 158 191 222 503 550 218 134 297 11 555 29 238 86 289 307 100 10 164 525 390 213 94 495 122 426 446 243 318 154 481 248 311 325 484 548 212 453 182 314 54 363 168 486 560 50 490 516 339 335 581 330 338 167 373 268 37 391 256 356 33 522 437 231 544 35 590 1 541 361 474 412 274 376 172 465 556 564 301 524 316 436 140 447 281 2 532 235 434 17 161 103 144 169 574 179 346 64 428 121 190 350 468 354 347 80 521 499 349 163 201 215 6 38 247 45 539 382 508 366 592 480 444 449 554 312 72 91 416 452 265 488 101 533 113 214 383 575 229 599 384 512 430 95 217 463 344 176 197 472 87 89 538 566 67 493 343 476 55 543 74 571 562 485 527 315 138 57 7 150 523 39 12 105 102 531 578 389 359 374 269 170 142 61 402 369 93 224 579 462 51 21 433 515 26 194 27 260 127 68 309 136 295 505 519 329 411 586 20 475 362 63 324 9 305 98 580 371 178 377 585 205 431 286 323 509 192 273 341 230 567 427 175 177 583 234 414 78 438 419 22 114 152 236 73 124 210 372 283 223 16 526 500 270 240 79 53 189 340 317 137 504 570 83 561 328 306 569 90 322 424 165 162 568 52 553 549 510 501 208 473 36 502 392 145 294 387 258 441 119 487 237 348 364 246 195 199 594 393 166 187 410 120 584 42 381 513 497 225 483 450 546 332 313 304 440 420 8 507 460 572 159 552 116 24 75 545 204 457 156 151 216 443 379 514 467 461 388 299 355 125 233 565 540 209 253 336 321 173 395 40 32 4 593 464 404 0 81 184 69 537 143 23 96 520 302 439 228 432 110 536 206 435 255 587 375 185 547 588 128 71 183 589 591 77 219 59 65 482 88 30 135 5 385 458 292 397 220 203 417 174 271 139 287 272 494 123 227 470 596 577 282 370 459 576 406 352 207 82 296 141 60 200 466 3 146 408 559 41 266 129 582 320 241 353 386 407 492 181 479 70 489 334 130 49 405 378 498 25 358 202 115 244 558 278 133 263 415 106 291 491 196 598 186 442 403 267 557 551 84 276 471 563 251 160 109 14 31 528 331 496 542 232 15 97 310 534 245 108 357 399 351 394 275 284 252 18 66 337 
exact_result:12473996 和exact_result:-203526004 是否排列1 ax=28675  bx=732  cx=-8516104  obj=-203526004
 ax上界求解时间：4.305000 上界花费时间：4.336000
 ax下界求解时间：4.039000 下界花费时间：4.086000 
bx上界求解时间：4.768000 上界花费时间：4.809000
 bx下界求解时间：4.475000 下界花费时间：4.506000 
模型总求解时间：238.994000  模型求解时间：218.930000 axbx上下届时间：19.466000 结果是否最优:y
***********
Minimum Execution Time:238.994000
Maximum Execution Time:238.994000
Average Execution Time:238.994000
best_sol:326 280 454 303 277 126 288 34 261 147 506 62 198 308 254 188 56 226 47 99 535 345 104 400 132 425 429 19 92 477 111 148 456 413 131 262 365 242 249 423 396 518 409 44 46 149 368 469 58 342 257 153 117 259 211 221 517 511 380 293 13 367 455 118 448 595 112 285 155 180 333 43 327 239 250 171 451 445 478 401 597 418 28 298 573 107 157 529 300 360 319 530 85 422 48 193 290 76 264 421 398 279 158 191 222 503 550 218 134 297 11 555 29 238 86 289 307 100 10 164 525 390 213 94 495 122 426 446 243 318 154 481 248 311 325 484 548 212 453 182 314 54 363 168 486 560 50 490 516 339 335 581 330 338 167 373 268 37 391 256 356 33 522 437 231 544 35 590 1 541 361 474 412 274 376 172 465 556 564 301 524 316 436 140 447 281 2 532 235 434 17 161 103 144 169 574 179 346 64 428 121 190 350 468 354 347 80 521 499 349 163 201 215 6 38 247 45 539 382 508 366 592 480 444 449 554 312 72 91 416 452 265 488 101 533 113 214 383 575 229 599 384 512 430 95 217 463 344 176 197 472 87 89 538 566 67 493 343 476 55 543 74 571 562 485 527 315 138 57 7 150 523 39 12 105 102 531 578 389 359 374 269 170 142 61 402 369 93 224 579 462 51 21 433 515 26 194 27 260 127 68 309 136 295 505 519 329 411 586 20 475 362 63 324 9 305 98 580 371 178 377 585 205 431 286 323 509 192 273 341 230 567 427 175 177 583 234 414 78 438 419 22 114 152 236 73 124 210 372 283 223 16 526 500 270 240 79 53 189 340 317 137 504 570 83 561 328 306 569 90 322 424 165 162 568 52 553 549 510 501 208 473 36 502 392 145 294 387 258 441 119 487 237 348 364 246 195 199 594 393 166 187 410 120 584 42 381 513 497 225 483 450 546 332 313 304 440 420 8 507 460 572 159 552 116 24 75 545 204 457 156 151 216 443 379 514 467 461 388 299 355 125 233 565 540 209 253 336 321 173 395 40 32 4 593 464 404 0 81 184 69 537 143 23 96 520 302 439 228 432 110 536 206 435 255 587 375 185 547 588 128 71 183 589 591 77 219 59 65 482 88 30 135 5 385 458 292 397 220 203 417 174 271 139 287 272 494 123 227 470 596 577 282 370 459 576 406 352 207 82 296 141 60 200 466 3 146 408 559 41 266 129 582 320 241 353 386 407 492 181 479 70 489 334 130 49 405 378 498 25 358 202 115 244 558 278 133 263 415 106 291 491 196 598 186 442 403 267 557 551 84 276 471 563 251 160 109 14 31 528 331 496 542 232 15 97 310 534 245 108 357 399 351 394 275 284 252 18 66 337 
exact_result:12473996 和exact_result:-203526004 是否排列1 ax=28675  bx=732  cx=-8516104  obj=-203526004
 ax上界求解时间：4.261000 上界花费时间：4.293000
 ax下界求解时间：4.085000 下界花费时间：4.124000 
bx上界求解时间：4.278000 上界花费时间：4.309000
 bx下界求解时间：4.141000 下界花费时间：4.188000 
模型总求解时间：240.121000  模型求解时间：220.971000 axbx上下届时间：18.568000 结果是否最优:y
***********
Minimum Execution Time:240.121000
Maximum Execution Time:240.121000
Average Execution Time:240.121000
best_sol:326 280 454 303 277 126 288 34 261 147 506 62 198 308 254 188 56 226 47 99 535 345 104 400 132 425 429 19 92 477 111 148 456 413 131 262 365 242 249 423 396 518 409 44 46 149 368 469 58 342 257 153 117 259 211 221 517 511 380 293 13 367 455 130 448 595 112 285 155 180 333 43 327 239 250 171 451 445 478 401 597 418 28 298 573 107 157 529 300 360 319 530 85 422 48 193 290 76 264 421 398 279 158 191 222 503 550 218 134 297 11 555 29 238 86 289 307 100 10 164 525 390 213 94 495 122 426 5 243 318 154 481 248 311 325 484 548 212 453 182 314 54 363 168 486 560 50 490 516 339 335 581 330 338 167 373 268 37 391 256 356 33 522 437 231 544 35 590 1 541 361 474 412 274 376 172 465 556 564 301 524 316 436 140 447 281 2 532 235 434 17 161 103 144 169 574 179 346 64 428 121 190 350 468 354 347 80 521 499 349 163 201 215 6 38 247 45 539 382 508 366 592 480 444 449 554 312 72 91 416 452 265 488 101 533 113 214 383 575 229 599 384 512 430 95 217 463 344 176 197 472 87 89 538 566 67 493 343 476 55 543 74 571 562 485 527 315 138 57 7 150 523 39 12 105 102 531 578 389 359 374 269 170 142 61 402 369 93 224 579 462 51 21 433 515 26 194 27 260 127 68 309 136 295 505 519 329 411 586 20 475 362 63 324 9 305 98 580 371 178 377 585 205 431 286 323 509 192 273 341 230 567 427 175 177 583 234 414 78 438 419 22 114 152 236 73 124 210 372 283 223 16 526 118 270 240 79 53 189 340 317 220 504 570 83 561 328 306 569 90 322 424 165 162 568 52 553 549 510 501 208 473 36 502 392 145 294 387 258 441 119 487 237 348 364 246 195 199 594 393 166 187 410 120 584 42 381 513 497 225 483 450 546 332 313 304 440 420 8 507 460 572 159 552 116 24 75 545 204 457 156 151 216 443 379 514 467 461 388 299 355 125 233 565 540 209 253 336 321 173 395 40 32 4 593 464 404 0 81 184 69 537 143 23 96 520 302 439 137 432 110 536 206 435 255 587 375 185 547 588 128 71 183 589 591 77 219 59 65 482 88 30 135 500 385 458 292 397 446 203 417 174 271 139 287 272 494 123 227 470 596 577 282 370 459 576 406 352 207 82 296 141 60 200 466 3 146 408 559 41 266 129 582 320 241 353 386 407 492 181 479 70 489 334 228 49 405 378 498 25 358 202 115 244 558 278 133 263 415 106 291 491 196 598 186 442 403 267 557 551 84 276 471 563 251 160 109 14 31 528 331 496 542 232 15 97 310 534 245 108 357 399 351 394 275 284 252 18 66 337 
exact_result:12473910 和exact_result:-203526090 是否排列1 ax=28666  bx=723  cx=-8251608  obj=-203526090
 ax上界求解时间：4.209000 上界花费时间：4.245000
 ax下界求解时间：4.030000 下界花费时间：4.077000 
bx上界求解时间：4.285000 上界花费时间：4.332000
 bx下界求解时间：3.965000 下界花费时间：4.012000 
模型总求解时间：240.413000  模型求解时间：221.477000 axbx上下届时间：18.328000 结果是否最优:y
***********
Minimum Execution Time:240.413000
Maximum Execution Time:240.413000
Average Execution Time:240.413000
best_sol:326 280 454 303 277 126 288 34 261 147 506 62 198 308 254 188 56 226 47 99 535 345 104 400 132 425 429 19 92 477 111 148 456 413 131 262 365 242 249 423 396 518 409 44 46 149 368 469 58 342 257 153 117 259 211 221 517 511 380 293 13 367 455 130 448 595 112 285 155 180 333 43 327 239 250 171 451 445 478 401 597 418 28 298 573 107 157 529 300 360 319 530 85 422 48 193 290 76 264 421 398 279 158 191 222 503 550 218 134 297 11 555 29 238 86 289 307 100 10 164 525 390 213 94 495 122 426 5 243 318 154 481 248 311 325 484 548 212 453 182 314 54 363 168 486 560 50 490 516 339 335 581 330 338 167 373 268 37 391 256 356 33 522 437 231 544 35 590 1 541 361 474 412 274 376 172 465 556 564 301 524 316 436 140 447 281 2 532 235 434 17 161 103 144 169 574 179 346 64 428 121 190 350 468 354 347 80 521 499 349 163 201 215 6 38 247 45 539 382 508 366 592 480 444 449 554 312 72 91 416 452 265 488 101 533 113 214 383 575 229 599 384 512 430 95 217 463 344 176 197 472 87 89 538 566 67 493 343 476 55 543 74 571 562 485 527 315 138 57 7 150 523 39 12 105 102 531 578 389 359 374 269 170 142 61 402 369 93 224 579 462 51 21 433 515 26 194 27 260 127 68 309 136 295 505 519 329 411 586 20 475 362 63 324 9 305 98 580 371 178 377 585 205 431 286 323 509 192 273 341 230 567 427 175 177 583 234 414 78 438 419 22 114 152 236 73 124 210 372 283 223 16 526 118 270 240 79 53 189 340 317 220 504 570 83 561 328 306 569 90 322 424 165 162 568 52 553 549 510 501 208 473 36 502 392 145 294 387 258 441 119 487 237 348 364 246 195 199 594 393 166 187 410 120 584 42 381 513 497 225 483 450 546 332 313 304 440 420 8 507 460 572 159 552 116 24 75 545 204 457 156 151 216 443 379 514 467 461 388 299 355 125 233 565 540 209 253 336 321 173 395 40 32 4 593 464 404 0 81 184 69 537 143 23 96 520 302 439 137 432 110 536 206 435 255 587 375 185 547 588 128 71 183 589 591 77 219 59 65 482 88 30 135 500 385 458 292 397 446 203 417 174 271 139 287 272 494 123 227 470 596 577 282 370 459 576 406 352 207 82 296 141 60 200 466 3 146 408 559 41 266 129 582 320 241 353 386 407 492 181 479 70 489 334 228 49 405 378 498 25 358 202 115 244 558 278 133 263 415 106 291 491 196 598 186 442 403 267 557 551 84 276 471 563 251 160 109 14 31 528 331 496 542 232 15 97 310 534 245 108 357 399 351 394 275 284 252 18 66 337 
exact_result:12473910 和exact_result2:-203526090 是否排列1 ax=28666  bx=723  cx=-8251608  obj=-203526090
 ax上界求解时间：4.609000 上界花费时间：4.656000
 ax下界求解时间：3.969000 下界花费时间：4.000000 
bx上界求解时间：4.374000 上界花费时间：4.406000
 bx下界求解时间：4.047000 下界花费时间：4.094000 
模型总求解时间：239.156000  模型求解时间：219.734000 axbx上下届时间：18.828000 结果是否最优:y
***********
Minimum Execution Time:239.156000
Maximum Execution Time:239.156000
Average Execution Time:239.156000
best_sol:326 280 454 303 277 126 288 34 261 147 506 62 198 308 254 188 56 226 47 99 535 345 104 400 132 425 429 19 92 477 111 148 456 413 131 262 365 242 249 423 396 518 409 44 46 149 368 469 58 342 257 153 117 259 211 221 517 511 380 293 13 367 455 130 448 595 112 285 155 180 333 43 327 239 250 171 451 445 478 401 597 418 28 298 573 107 157 529 300 360 319 530 85 422 48 193 290 76 264 421 398 279 158 191 222 503 550 218 134 297 11 555 29 238 86 289 307 100 10 164 525 390 213 94 495 122 426 5 243 318 154 481 248 311 325 484 548 212 453 182 314 54 363 168 486 560 50 490 516 339 335 581 330 338 167 373 268 37 391 256 356 33 522 437 231 544 35 590 1 541 361 474 412 274 376 172 465 556 564 301 524 316 436 140 447 281 2 532 235 434 17 161 103 144 169 574 179 346 64 428 121 190 350 468 354 347 80 521 499 349 163 201 215 6 38 247 45 539 382 508 366 592 480 444 449 554 312 72 91 416 452 265 488 101 533 113 214 383 575 229 599 384 512 430 95 217 463 344 176 197 472 87 89 538 566 67 493 343 476 55 543 74 571 562 485 527 315 138 57 7 150 523 39 12 105 102 531 578 389 359 374 269 170 142 61 402 369 93 224 579 462 51 21 433 515 26 194 27 260 127 68 309 136 295 505 519 329 411 586 20 475 362 63 324 9 305 98 580 371 178 377 585 205 431 286 323 509 192 273 341 230 567 427 175 177 583 234 414 78 438 419 22 114 152 236 73 124 210 372 283 223 16 526 118 270 240 79 53 189 340 317 220 504 570 83 561 328 306 569 90 322 424 165 162 568 52 553 549 510 501 208 473 36 502 392 145 294 387 258 441 119 487 237 348 364 246 195 199 594 393 166 187 410 120 584 42 381 513 497 225 483 450 546 332 313 304 440 420 8 507 460 572 159 552 116 24 75 545 204 457 156 151 216 443 379 514 467 461 388 299 355 125 233 565 540 209 253 336 321 173 395 40 32 4 593 464 404 0 81 184 69 537 143 23 96 520 302 439 137 432 110 536 206 435 255 587 375 185 547 588 128 71 183 589 591 77 219 59 65 482 88 30 135 500 385 458 292 397 446 203 417 174 271 139 287 272 494 123 227 470 596 577 282 370 459 576 406 352 207 82 296 141 60 200 466 3 146 408 559 41 266 129 582 320 241 353 386 407 492 181 479 70 489 334 228 49 405 378 498 25 358 202 115 244 558 278 133 263 415 106 291 491 196 598 186 442 403 267 557 551 84 276 471 563 251 160 109 14 31 528 331 496 542 232 15 97 310 534 245 108 357 399 351 394 275 284 252 18 66 337 
exact_result:12473910 和exact_result2:-203526090 是否排列1 ax=28666  bx=723  cx=-8251608  obj=-203526090
 ax上界求解时间：4.064000 上界花费时间：4.080000
 ax下界求解时间：3.736000 下界花费时间：3.767000 
bx上界求解时间：4.002000 上界花费时间：4.034000
 bx下界求解时间：3.502000 下界花费时间：3.533000 
模型总求解时间：223.534000  模型求解时间：206.291000 axbx上下届时间：16.743000 结果是否最优:y
***********
Minimum Execution Time:223.534000
Maximum Execution Time:223.534000
Average Execution Time:223.534000
