best_sol:212 178 187 279 141 312 169 156 175 306 91 41 63 131 316 357 327 228 266 151 166 56 159 377 305 126 211 47 108 291 264 336 288 259 262 388 394 167 18 150 74 308 284 119 98 349 372 234 323 268 53 161 233 154 374 132 111 189 114 315 158 113 287 51 100 243 368 317 244 364 204 373 231 46 269 195 101 32 137 173 133 68 21 2 50 66 102 255 320 362 14 99 120 239 6 64 369 35 36 265 352 149 5 23 152 359 206 59 293 118 105 86 276 347 42 253 297 217 272 222 227 285 29 28 395 78 160 252 396 280 10 230 15 143 216 223 11 208 214 17 44 130 393 299 83 376 397 358 171 218 185 52 30 310 254 65 69 300 174 332 245 193 382 304 70 326 387 246 331 153 144 80 338 281 26 226 79 191 224 384 76 8 302 85 294 92 203 322 147 183 295 9 25 325 157 184 210 96 19 367 250 72 201 283 94 139 12 142 213 241 225 328 0 127 60 360 180 340 258 170 383 353 286 236 270 221 55 273 330 138 263 90 188 106 365 342 186 303 148 370 333 73 386 97 351 145 375 140 197 134 196 390 256 321 45 232 37 229 4 345 237 318 207 290 240 209 335 104 62 307 75 125 116 242 309 350 112 247 361 192 267 117 93 135 181 146 54 103 176 344 260 123 278 371 179 110 324 389 71 356 129 162 124 168 136 329 48 354 43 341 261 163 319 40 348 277 235 355 38 34 57 274 88 296 202 20 31 379 200 24 215 339 219 194 128 385 275 313 238 337 381 220 399 164 22 84 115 363 177 298 27 311 343 346 81 378 67 398 155 165 77 314 257 109 198 3 182 301 391 282 251 1 82 7 334 366 107 205 122 289 49 249 199 16 39 248 61 392 172 58 95 121 292 87 190 33 89 13 380 271 
exact_result:-87979857  是否排列1 ax=18982  bx=611  cx=-3587459  obj=-87979857
 ax上界求解时间：1.375000 上界花费时间：1.375000
 ax下界求解时间：1.125000 下界花费时间：1.125000 
bx上界求解时间：1.422000 上界花费时间：1.422000
 bx下界求解时间：1.219000 下界花费时间：1.235000 
模型总求解时间：35.672000  模型求解时间：29.719000 axbx上下届时间：5.734000 结果是否最优:y
***********
Minimum Execution Time:35.672000
Maximum Execution Time:35.672000
Average Execution Time:35.672000
