best_sol:29 58 9 83 35 47 78 13 12 95 98 68 8 64 44 33 87 37 11 46 45 65 21 51 53 75 71 55 1 69 25 10 56 20 48 82 91 36 6 52 0 79 92 14 63 43 81 85 23 3 76 38 77 60 66 84 70 7 4 22 86 42 32 97 89 96 54 72 88 30 80 74 93 59 49 73 28 41 99 50 18 31 27 94 5 90 34 24 61 67 15 57 2 16 39 19 40 17 26 62 
exact_result:0  模型总求解时间：0.674000  结果是否最优:y
***********
Minimum Execution Time:0.674000
Maximum Execution Time:0.674000
Average Execution Time:0.674000
best_sol:67 37 10 19 46 55 22 62 42 26 7 9 13 95 91 6 78 82 11 31 17 70 45 59 51 87 43 29 3 39 0 86 99 30 8 48 16 41 69 65 88 27 79 54 61 77 98 64 50 89 24 21 80 97 73 84 14 56 75 52 58 49 40 96 92 94 33 57 38 90 81 66 85 35 68 63 28 18 60 32 76 15 25 4 93 1 74 83 36 34 12 53 72 5 23 20 2 44 47 71 
exact_result:0  模型总求解时间：0.669000  结果是否最优:y
***********
Minimum Execution Time:0.669000
Maximum Execution Time:0.669000
Average Execution Time:0.669000
