best_sol:64 9 6 11 0 21 2 23 12 73 8 15 76 5 78 7 18 49 26 27 52 17 86 19 28 24 30 31 60 13 22 63 36 97 50 3 38 39 34 47 104 43 40 107 46 37 44 111 32 33 48 35 20 55 62 119 58 25 42 57 61 29 54 59 65 1 74 66 4 85 71 70 88 105 10 79 77 93 14 75 16 80 83 67 68 69 82 95 72 81 94 89 84 92 90 87 98 101 106 115 96 100 118 102 120 41 110 99 124 45 108 103 114 121 112 51 117 53 116 127 56 113 126 91 125 109 122 123 
exact_result:0 exactresult2:0.000000 是否排列1 ax=0  bx=0  cx=0  obj=0
 ax上界求解时间：0.129000 上界花费时间：0.135000
 ax下界求解时间：0.010000 下界花费时间：0.014000 
bx上界求解时间：0.145000 上界花费时间：0.149000
 bx下界求解时间：0.130000 下界花费时间：0.134000 
模型总求解时间：0.932000  模型求解时间：0.087000 axbx上下届时间：0.521000 结果是否最优:y
***********
Minimum Execution Time:0.932000
Maximum Execution Time:0.932000
Average Execution Time:0.932000
