best_sol:21 42 79 96 77 0 19 73 43 48 75 78 51 29 16 90 4 34 6 72 52 17 38 94 3 33 60 56 57 74 10 53 80 20 89 26 99 59 15 1 23 37 5 14 55 18 86 81 54 88 91 64 40 67 31 93 39 76 61 28 2 30 92 32 70 25 68 41 65 27 87 63 35 83 24 95 97 13 36 49 7 12 98 11 82 47 46 58 45 69 71 8 85 66 50 62 84 9 22 44 
exact_result:0 exactresult2:0.000000 是否排列1 ax=614  bx=0  cx=0  obj=0
 ax上界求解时间：0.102000 上界花费时间：0.106000
 ax下界求解时间：0.097000 下界花费时间：0.100000 
bx上界求解时间：0.114000 上界花费时间：0.117000
 bx下界求解时间：0.111000 下界花费时间：0.115000 
模型总求解时间：0.898000  模型求解时间：0.194000 axbx上下届时间：0.494000 结果是否最优:y
***********
Minimum Execution Time:0.898000
Maximum Execution Time:0.898000
Average Execution Time:0.898000
