best_sol:40 55 25 44 34 86 22 84 19 80 70 32 72 43 2 59 97 35 82 8 37 78 88 9 90 87 51 67 33 85 68 95 89 30 74 64 58 41 27 65 5 76 12 13 0 50 73 18 79 66 3 57 20 39 62 99 24 56 75 49 61 4 7 92 71 36 91 11 69 17 31 6 47 46 54 63 83 42 14 15 21 52 1 96 48 23 81 16 10 98 38 94 60 26 93 28 77 53 29 45 
exact_result:0 exactresult2:0.000000 是否排列1 ax=654  bx=0  cx=0  obj=0
 ax上界求解时间：0.115000 上界花费时间：0.119000
 ax下界求解时间：0.108000 下界花费时间：0.112000 
bx上界求解时间：0.100000 上界花费时间：0.106000
 bx下界求解时间：0.114000 下界花费时间：0.118000 
模型总求解时间：0.906000  模型求解时间：0.196000 axbx上下届时间：0.511000 结果是否最优:y
***********
Minimum Execution Time:0.906000
Maximum Execution Time:0.906000
Average Execution Time:0.906000
best_sol:40 55 25 44 34 86 22 84 19 80 70 32 72 43 2 59 97 35 82 8 37 78 88 9 90 87 51 67 33 85 68 95 89 30 74 64 58 41 27 65 5 76 12 13 0 50 73 18 79 66 3 57 20 39 62 99 24 56 75 49 61 4 7 92 71 36 91 11 69 17 31 6 47 46 54 63 83 42 14 15 21 52 1 96 48 23 81 16 10 98 38 94 60 26 93 28 77 53 29 45 
exact_result:0 exactresult2:0.000000 是否排列1 ax=654  bx=0  cx=0  obj=0
 ax上界求解时间：0.100000 上界花费时间：0.105000
 ax下界求解时间：0.100000 下界花费时间：0.103000 
bx上界求解时间：0.103000 上界花费时间：0.107000
 bx下界求解时间：0.114000 下界花费时间：0.120000 
模型总求解时间：0.890000  模型求解时间：0.198000 axbx上下届时间：0.488000 结果是否最优:y
***********
Minimum Execution Time:0.890000
Maximum Execution Time:0.890000
Average Execution Time:0.890000
