best_sol:91 66 90 83 9 8 32 46 55 6 69 67 51 84 72 57 89 94 11 31 33 81 21 87 99 73 48 63 23 1 17 27 43 16 18 82 71 36 29 5 7 28 41 79 80 85 86 20 74 62 38 12 10 26 95 59 52 4 93 76 24 39 97 25 60 88 61 98 70 30 64 78 15 14 50 3 22 68 49 0 44 54 92 65 13 42 96 75 45 34 40 77 35 58 2 37 19 53 47 56 
exact_result:0 obj:0  
模型总求解时间：0.518000  
结果是否最优:y
Minimum Execution Time:0.518000
Maximum Execution Time:0.518000
Average Execution Time:0.518000
best_sol:5 80 78 23 69 97 18 83 12 58 20 19 16 49 17 68 99 14 52 64 81 2 13 59 98 91 35 51 94 10 41 45 44 89 86 55 57 73 63 30 15 56 92 24 74 88 25 85 65 77 60 34 72 31 4 33 39 8 70 47 54 75 93 38 48 96 79 43 29 76 40 53 87 0 22 90 95 42 28 50 6 32 66 84 46 62 1 7 36 67 61 82 3 37 27 9 71 11 21 26 
exact_result:0 exactresult2:0.000000 是否排列1 ax=654  bx=0  cx=0  obj=0
 ax上界求解时间：0.100000 上界花费时间：0.104000
 ax下界求解时间：0.103000 下界花费时间：0.107000 
bx上界求解时间：0.109000 上界花费时间：0.113000
 bx下界求解时间：0.101000 下界花费时间：0.106000 
模型总求解时间：0.887000  模型求解时间：0.195000 axbx上下届时间：0.487000 结果是否最优:y
***********
Minimum Execution Time:0.887000
Maximum Execution Time:0.887000
Average Execution Time:0.887000
