best_sol:35 53 65 63 54 9 88 34 17 84 56 16 19 76 86 49 30 27 60 37 78 36 45 11 62 80 24 98 13 61 48 51 22 4 2 50 57 18 26 70 83 0 44 89 7 12 25 20 15 3 1 33 71 90 55 31 47 81 68 64 23 67 41 52 10 93 58 66 77 79 40 94 29 95 87 43 85 99 46 97 21 75 28 72 91 96 42 74 6 8 5 92 82 38 69 73 59 14 39 32 
exact_result:0 exactresult2:0.000000 是否排列1 ax=602  bx=0  cx=0  obj=0
 ax上界求解时间：0.098000 上界花费时间：0.103000
 ax下界求解时间：0.099000 下界花费时间：0.103000 
bx上界求解时间：0.094000 上界花费时间：0.099000
 bx下界求解时间：0.109000 下界花费时间：0.114000 
模型总求解时间：0.872000  模型求解时间：0.200000 axbx上下届时间：0.474000 结果是否最优:y
***********
Minimum Execution Time:0.872000
Maximum Execution Time:0.872000
Average Execution Time:0.872000
