best_sol:90 33 45 24 71 49 54 19 22 86 97 77 59 40 25 21 99 81 65 7 78 15 8 88 3 14 62 84 53 58 56 89 72 1 42 52 69 63 91 70 13 94 34 61 95 2 57 60 51 5 73 48 35 28 6 79 30 46 29 12 47 43 26 37 75 18 67 66 74 36 39 4 32 50 68 64 92 11 20 55 83 17 87 80 27 98 9 82 23 31 0 38 76 96 41 44 93 10 85 16 
exact_result:455424 exactresult2:0.000000 是否排列1 ax=3558  bx=128  cx=0  obj=455424
 ax上界求解时间：0.106000 上界花费时间：0.109000
 ax下界求解时间：0.101000 下界花费时间：0.106000 
bx上界求解时间：0.110000 上界花费时间：0.114000
 bx下界求解时间：0.104000 下界花费时间：0.109000 
模型总求解时间：8.945000  模型求解时间：8.245000 axbx上下届时间：0.492000 结果是否最优:y
***********
Minimum Execution Time:8.945000
Maximum Execution Time:8.945000
Average Execution Time:8.945000
best_sol:90 33 45 24 71 49 54 19 22 86 97 77 59 40 25 21 99 81 65 7 78 15 8 88 3 14 62 84 53 58 56 89 72 1 42 52 69 63 91 70 13 94 34 61 95 2 57 60 51 5 73 48 35 28 6 79 30 46 29 12 47 43 26 37 75 18 67 66 74 36 39 4 32 50 68 64 92 11 20 55 83 17 87 80 27 98 9 82 23 31 0 38 76 96 41 44 93 10 85 16 
exact_result:455424 exactresult2:455424.000000 是否排列1 ax=3558  bx=128  cx=0  obj=455424
 ax上界求解时间：0.099000 上界花费时间：0.103000
 ax下界求解时间：0.114000 下界花费时间：0.119000 
bx上界求解时间：0.103000 上界花费时间：0.107000
 bx下界求解时间：0.099000 下界花费时间：0.104000 
模型总求解时间：5.014000  模型求解时间：4.323000 axbx上下届时间：0.488000 结果是否最优:y
***********
Minimum Execution Time:5.014000
Maximum Execution Time:5.014000
Average Execution Time:5.014000
best_sol:90 33 45 24 71 49 54 19 22 86 97 77 59 40 25 21 99 81 65 7 78 15 8 88 3 14 62 84 53 58 56 89 72 1 42 52 69 63 91 70 13 94 34 61 95 2 57 60 51 5 73 48 35 28 6 79 30 46 29 12 47 43 26 37 75 18 67 66 74 36 39 4 32 50 68 64 92 11 20 55 83 17 87 80 27 98 9 82 23 31 0 38 76 96 41 44 93 10 85 16 
exact_result:455424 exactresult2:455424.000000 是否排列1 ax=3558  bx=128  cx=0  obj=455424
 ax上界求解时间：0.103000 上界花费时间：0.106000
 ax下界求解时间：0.164000 下界花费时间：0.168000 
bx上界求解时间：0.142000 上界花费时间：0.145000
 bx下界求解时间：0.115000 下界花费时间：0.119000 
模型总求解时间：2.931000  模型求解时间：2.103000 axbx上下届时间：0.628000 结果是否最优:y
***********
Minimum Execution Time:2.931000
Maximum Execution Time:2.931000
Average Execution Time:2.931000
best_sol:90 33 45 24 71 49 54 19 22 86 97 77 59 40 25 21 99 81 65 7 78 15 8 88 3 14 62 84 53 58 56 89 72 1 42 52 69 63 91 70 13 94 34 61 95 2 57 60 51 5 73 48 35 28 6 79 30 46 29 12 47 43 26 37 75 18 67 66 74 36 39 4 32 50 68 64 92 11 20 55 83 17 87 80 27 98 9 82 23 31 0 38 76 96 41 44 93 10 85 16 
exact_result:455424 exactresult2:455424.000000 是否排列1 ax=3558  bx=128  cx=0  obj=455424
 ax上界求解时间：0.099000 上界花费时间：0.104000
 ax下界求解时间：0.092000 下界花费时间：0.096000 
bx上界求解时间：0.101000 上界花费时间：0.107000
 bx下界求解时间：0.194000 下界花费时间：0.198000 
模型总求解时间：2.912000  模型求解时间：2.056000 axbx上下届时间：0.659000 结果是否最优:y
***********
Minimum Execution Time:2.912000
Maximum Execution Time:2.912000
Average Execution Time:2.912000
