best_sol:58 34 6 80 109 135 116 149 100 113 87 59 71 67 4 132 10 14 65 117 13 40 0 81 123 69 37 72 133 114 64 148 142 143 125 130 46 38 28 27 127 39 138 84 83 141 31 55 66 137 56 50 17 115 134 41 99 104 57 118 51 95 93 21 63 15 54 36 3 136 89 26 88 110 147 68 85 61 49 32 47 23 111 62 97 44 43 35 60 86 33 73 74 120 9 126 105 128 82 90 122 102 76 11 75 8 107 2 146 101 112 79 124 91 103 42 106 78 19 52 77 96 92 131 121 144 140 24 119 108 129 70 29 12 1 25 139 30 18 16 145 94 20 5 22 53 98 48 45 7 
exact_result:-5033689088 exactresult2:-5033689088.000000 是否排列1 ax=12714  bx=786432  cx=0  obj=9998696448
 ax上界求解时间：0.189000 上界花费时间：0.196000
 ax下界求解时间：0.166000 下界花费时间：0.173000 
bx上界求解时间：0.162000 上界花费时间：0.169000
 bx下界求解时间：0.210000 下界花费时间：0.218000 
模型总求解时间：152.424000  模型求解时间：151.179000 axbx上下届时间：0.873000 结果是否最优:y
***********
Minimum Execution Time:152.424000
Maximum Execution Time:152.424000
Average Execution Time:152.424000
best_sol:42 85 121 129 145 143 37 53 109 88 133 96 97 79 93 7 65 64 8 6 119 122 106 108 87 75 73 131 20 27 107 126 5 101 113 110 112 139 104 105 147 77 66 35 135 44 30 45 40 43 58 117 26 89 118 29 33 31 54 17 36 32 46 15 48 60 47 57 102 83 38 13 28 70 18 24 148 9 59 50 10 34 19 69 23 132 3 71 39 49 130 127 22 90 55 128 136 61 62 21 116 140 123 52 0 84 82 12 11 63 94 91 72 115 76 103 16 81 2 138 111 67 120 51 95 68 124 142 99 98 86 56 92 14 100 1 41 125 141 74 144 80 78 149 4 137 134 146 114 25 
exact_result:0 obj:0  
模型总求解时间：0.900000  
结果是否最优:y
Minimum Execution Time:0.900000
Maximum Execution Time:0.900000
Average Execution Time:0.900000
best_sol:55 34 14 80 38 135 31 93 83 67 8 61 71 87 132 53 2 74 65 43 42 129 0 144 146 97 91 35 133 56 64 148 11 143 125 130 98 28 52 140 127 17 138 84 58 141 90 131 12 79 99 112 147 115 68 117 57 23 110 134 78 116 44 21 72 15 3 36 124 136 89 118 88 101 81 69 85 39 100 59 106 114 37 62 70 94 102 40 1 86 66 73 5 13 149 126 105 128 82 142 41 123 76 108 27 63 111 9 137 32 6 95 46 107 50 113 4 54 145 60 33 96 92 45 120 77 51 24 119 75 121 104 29 47 26 49 139 30 18 16 122 103 20 19 22 109 10 48 25 7 
exact_result:-5033689088 exactresult2:-5033689088.000000 是否排列1 ax=12714  bx=786432  cx=0  obj=9998696448
 ax上界求解时间：0.207000 上界花费时间：0.212000
 ax下界求解时间：0.180000 下界花费时间：0.185000 
bx上界求解时间：0.181000 上界花费时间：0.187000
 bx下界求解时间：0.194000 下界花费时间：0.199000 
模型总求解时间：152.561000  模型求解时间：151.301000 axbx上下届时间：0.889000 结果是否最优:y
***********
Minimum Execution Time:152.561000
Maximum Execution Time:152.561000
Average Execution Time:152.561000
best_sol:55 34 14 80 38 135 31 93 83 67 8 61 71 87 132 53 2 74 65 43 42 129 0 144 146 97 91 35 133 56 64 148 11 143 125 130 98 28 52 140 127 17 138 84 58 141 90 131 12 79 99 112 147 115 68 117 57 23 110 134 78 116 44 21 72 15 3 36 124 136 89 118 88 101 81 69 85 39 100 59 106 114 37 62 70 94 102 40 1 86 66 73 5 13 149 126 105 128 82 142 41 123 76 108 27 63 111 9 137 32 6 95 46 107 50 113 4 54 145 60 33 96 92 45 120 77 51 24 119 75 121 104 29 47 26 49 139 30 18 16 122 103 20 19 22 109 10 48 25 7 
exact_result:-5033689088 exactresult2:-5033689088.000000 是否排列1 ax=12714  bx=786432  cx=0  obj=9998696448
 ax上界求解时间：0.199000 上界花费时间：0.205000
 ax下界求解时间：0.193000 下界花费时间：0.198000 
bx上界求解时间：0.170000 上界花费时间：0.174000
 bx下界求解时间：0.218000 下界花费时间：0.225000 
模型总求解时间：151.594000  模型求解时间：150.318000 axbx上下届时间：0.914000 结果是否最优:y
***********
Minimum Execution Time:151.594000
Maximum Execution Time:151.594000
Average Execution Time:151.594000
best_sol:55 34 14 80 38 135 31 93 83 67 8 61 71 87 132 53 2 74 65 43 42 129 0 144 146 97 91 35 133 56 64 148 11 143 125 130 98 28 52 140 127 17 138 84 58 141 90 131 12 79 99 112 147 115 68 117 57 23 110 134 78 116 44 21 72 15 3 36 124 136 89 118 88 101 81 69 85 39 100 59 106 114 37 62 70 94 102 40 1 86 66 73 5 13 149 126 105 128 82 142 41 123 76 108 27 63 111 9 137 32 6 95 46 107 50 113 4 54 145 60 33 96 92 45 120 77 51 24 119 75 121 104 29 47 26 49 139 30 18 16 122 103 20 19 22 109 10 48 25 7 
exact_result:-5033689088 exactresult2:-5033689088.000000 是否排列1 ax=12714  bx=786432  cx=0  obj=9998696448
 ax上界求解时间：0.213000 上界花费时间：0.219000
 ax下界求解时间：0.179000 下界花费时间：0.185000 
bx上界求解时间：0.189000 上界花费时间：0.195000
 bx下界求解时间：0.188000 下界花费时间：0.194000 
模型总求解时间：153.148000  模型求解时间：151.876000 axbx上下届时间：0.903000 结果是否最优:y
***********
Minimum Execution Time:153.148000
Maximum Execution Time:153.148000
Average Execution Time:153.148000
best_sol:55 34 14 80 38 135 31 93 83 67 8 61 71 87 132 53 2 74 65 43 42 129 0 144 146 97 91 35 133 56 64 148 11 143 125 130 98 28 52 140 127 17 138 84 58 141 90 131 12 79 99 112 147 115 68 117 57 23 110 134 78 116 44 21 72 15 3 36 124 136 89 118 88 101 81 69 85 39 100 59 106 114 37 62 70 94 102 40 1 86 66 73 5 13 149 126 105 128 82 142 41 123 76 108 27 63 111 9 137 32 6 95 46 107 50 113 4 54 145 60 33 96 92 45 120 77 51 24 119 75 121 104 29 47 26 49 139 30 18 16 122 103 20 19 22 109 10 48 25 7 
exact_result:-5033689088 exactresult2:-5033689088.000000 是否排列1 ax=12714  bx=786432  cx=0  obj=9998696448
 ax上界求解时间：0.199000 上界花费时间：0.204000
 ax下界求解时间：0.177000 下界花费时间：0.183000 
bx上界求解时间：0.185000 上界花费时间：0.189000
 bx下界求解时间：0.193000 下界花费时间：0.199000 
模型总求解时间：154.203000  模型求解时间：152.951000 axbx上下届时间：0.884000 结果是否最优:y
***********
Minimum Execution Time:154.203000
Maximum Execution Time:154.203000
Average Execution Time:154.203000
