best_sol:27 90 38 68 98 40 35 21 67 49 99 95 85 70 28 31 83 15 32 94 57 58 53 76 54 0 92 91 19 9 88 71 8 65 6 80 14 1 52 97 26 4 5 93 36 78 11 60 75 16 18 84 55 50 37 45 42 22 23 96 62 46 41 24 44 61 39 20 89 10 77 13 56 17 48 2 34 72 43 47 69 25 74 63 81 82 86 64 79 29 59 33 12 73 87 51 66 30 7 3 
exact_result:-9063301120 exactresult2:-9063301120.000000 是否排列1 ax=59823  bx=458752  cx=0  obj=27443920896
 ax上界求解时间：0.115000 上界花费时间：0.119000
 ax下界求解时间：0.101000 下界花费时间：0.105000 
bx上界求解时间：0.107000 上界花费时间：0.111000
 bx下界求解时间：0.100000 下界花费时间：0.105000 
模型总求解时间：431.002000  模型求解时间：430.306000 axbx上下届时间：0.498000 结果是否最优:y
***********
Minimum Execution Time:431.002000
Maximum Execution Time:431.002000
Average Execution Time:431.002000
best_sol:27 90 38 68 98 40 35 21 67 49 99 95 85 70 28 31 83 15 32 94 57 58 53 76 54 0 92 91 19 9 88 71 8 65 6 80 14 1 52 97 26 4 5 93 36 78 11 60 75 16 18 84 55 50 37 45 42 22 23 96 62 46 41 24 44 61 39 20 89 10 77 13 56 17 48 2 34 72 43 47 69 25 74 63 81 82 86 64 79 29 59 33 12 73 87 51 66 30 7 3 
exact_result:-9063301120 exactresult2:-9063301120.000000 是否排列1 ax=59823  bx=458752  cx=0  obj=27443920896
 ax上界求解时间：0.114000 上界花费时间：0.117000
 ax下界求解时间：0.099000 下界花费时间：0.103000 
bx上界求解时间：0.109000 上界花费时间：0.113000
 bx下界求解时间：0.096000 下界花费时间：0.100000 
模型总求解时间：419.444000  模型求解时间：418.760000 axbx上下届时间：0.488000 结果是否最优:y
***********
Minimum Execution Time:419.444000
Maximum Execution Time:419.444000
Average Execution Time:419.444000
Minimum Execution Time:179769313486231570000000000000000000000000000000000000000000000000000000000000000000000000000000000000000000000000000000000000000000000000000000000000000000000000000000000000000000000000000000000000000000000000000000000000000000000000000000000000000000000000000000000000000000000000000000000000000000000000000.000000
Maximum Execution Time:0.000000
Average Execution Time:0.000000
best_sol:0 0 0 0 0 0 0 0 0 0 0 0 0 0 0 0 0 0 0 0 0 0 0 0 0 0 0 0 0 0 0 0 0 0 0 0 0 0 0 0 0 0 0 0 0 0 0 0 0 0 0 0 0 0 0 0 0 0 0 0 0 0 0 0 0 0 0 0 0 0 0 0 0 0 0 0 0 0 0 0 0 0 0 0 0 0 0 0 0 0 0 0 0 0 0 0 0 0 0 0 exact_result:0 obj:0  模型总求解时间：0.517000  Minimum Execution Time:179769313486231570000000000000000000000000000000000000000000000000000000000000000000000000000000000000000000000000000000000000000000000000000000000000000000000000000000000000000000000000000000000000000000000000000000000000000000000000000000000000000000000000000000000000000000000000000000000000000000000000000.000000
Maximum Execution Time:0.000000
Average Execution Time:0.000000
best_sol:0 0 0 0 0 0 0 0 0 0 0 0 0 0 0 0 0 0 0 0 0 0 0 0 0 0 0 0 0 0 0 0 0 0 0 0 0 0 0 0 0 0 0 0 0 0 0 0 0 0 0 0 0 0 0 0 0 0 0 0 0 0 0 0 0 0 0 0 0 0 0 0 0 0 0 0 0 0 0 0 0 0 0 0 0 0 0 0 0 0 0 0 0 0 0 0 0 0 0 0 exact_result:0 obj:0  模型总求解时间：0.491000  Minimum Execution Time:179769313486231570000000000000000000000000000000000000000000000000000000000000000000000000000000000000000000000000000000000000000000000000000000000000000000000000000000000000000000000000000000000000000000000000000000000000000000000000000000000000000000000000000000000000000000000000000000000000000000000000000.000000
Maximum Execution Time:0.000000
Average Execution Time:0.000000
best_sol:0 0 0 0 0 0 0 0 0 0 0 0 0 0 0 0 0 0 0 0 0 0 0 0 0 0 0 0 0 0 0 0 0 0 0 0 0 0 0 0 0 0 0 0 0 0 0 0 0 0 0 0 0 0 0 0 0 0 0 0 0 0 0 0 0 0 0 0 0 0 0 0 0 0 0 0 0 0 0 0 0 0 0 0 0 0 0 0 0 0 0 0 0 0 0 0 0 0 0 0 
exact_result:0 obj:0  模型总求解时间：0.490000  Minimum Execution Time:179769313486231570000000000000000000000000000000000000000000000000000000000000000000000000000000000000000000000000000000000000000000000000000000000000000000000000000000000000000000000000000000000000000000000000000000000000000000000000000000000000000000000000000000000000000000000000000000000000000000000000000.000000
Maximum Execution Time:0.000000
Average Execution Time:0.000000
best_sol:63 23 27 20 80 60 28 25 13 6 7 10 79 17 46 95 29 85 33 72 96 83 19 1 98 9 44 36 65 67 70 48 71 86 22 49 77 40 76 66 41 78 15 14 30 75 26 90 59 74 94 11 55 68 18 0 24 69 62 64 91 5 88 87 97 31 57 4 43 93 84 51 12 81 99 92 42 45 61 73 56 52 32 54 34 3 2 38 21 82 16 50 37 89 39 35 8 58 53 47 
exact_result:0 obj:0  模型总求解时间：0.529000  Minimum Execution Time:179769313486231570000000000000000000000000000000000000000000000000000000000000000000000000000000000000000000000000000000000000000000000000000000000000000000000000000000000000000000000000000000000000000000000000000000000000000000000000000000000000000000000000000000000000000000000000000000000000000000000000000.000000
Maximum Execution Time:0.000000
Average Execution Time:0.000000
best_sol:64 27 16 21 72 40 35 90 67 38 55 95 92 70 28 29 83 26 17 94 25 58 14 76 54 53 11 91 46 9 89 71 84 2 98 59 60 99 52 97 1 41 12 93 36 31 8 10 85 80 57 6 32 50 37 45 42 22 23 96 62 24 18 74 44 61 39 19 30 5 77 13 56 75 48 79 34 65 43 47 69 49 15 63 81 82 7 87 88 86 20 33 4 73 0 51 66 78 68 3 
exact_result:-9063301120 exactresult2:-9063301120.000000 是否排列1 ax=59823  bx=458752  cx=0  obj=27443920896
 ax上界求解时间：0.115000 上界花费时间：0.120000
 ax下界求解时间：0.101000 下界花费时间：0.105000 
bx上界求解时间：0.103000 上界花费时间：0.108000
 bx下界求解时间：0.014000 下界花费时间：0.020000 
模型总求解时间：30.421000  模型求解时间：29.805000 axbx上下届时间：0.407000 结果是否最优:y
***********
Minimum Execution Time:30.421000
Maximum Execution Time:30.421000
Average Execution Time:30.421000
best_sol:71 33 46 21 72 10 35 90 42 85 99 95 67 70 28 92 83 26 77 94 19 58 53 15 2 54 79 76 18 9 16 45 38 65 6 59 60 30 52 97 1 41 5 64 14 78 8 93 75 80 57 84 86 50 37 31 27 22 23 96 62 25 7 74 44 61 39 20 89 29 24 13 56 17 48 36 34 40 43 88 69 49 32 63 47 82 98 87 68 55 12 91 4 73 0 51 66 11 81 3 
exact_result:-9063301120 exactresult2:-9063301120.000000 是否排列1 ax=59823  bx=458752  cx=0  obj=27443920896
 ax上界求解时间：0.120000 上界花费时间：0.124000
 ax下界求解时间：0.098000 下界花费时间：0.102000 
bx上界求解时间：0.112000 上界花费时间：0.115000
 bx下界求解时间：0.013000 下界花费时间：0.018000 
模型总求解时间：81.973000  模型求解时间：81.352000 axbx上下届时间：0.425000 结果是否最优:y
***********
Minimum Execution Time:81.973000
Maximum Execution Time:81.973000
Average Execution Time:81.973000
best_sol:71 33 46 21 72 10 35 90 42 85 99 95 67 70 28 92 83 26 77 94 19 58 53 15 2 54 79 76 18 9 16 45 38 65 6 59 60 30 52 97 1 41 5 64 14 78 8 93 75 80 57 84 86 50 37 31 27 22 23 96 62 25 7 74 44 61 39 20 89 29 24 13 56 17 48 36 34 40 43 88 69 49 32 63 47 82 98 87 68 55 12 91 4 73 0 51 66 11 81 3 
exact_result:-9063301120 exactresult2:-9063301120.000000 是否排列1 ax=59823  bx=458752  cx=0  obj=27443920896
 ax上界求解时间：0.127000 上界花费时间：0.130000
 ax下界求解时间：0.106000 下界花费时间：0.109000 
bx上界求解时间：0.111000 上界花费时间：0.116000
 bx下界求解时间：0.011000 下界花费时间：0.016000 
模型总求解时间：82.974000  模型求解时间：82.355000 axbx上下届时间：0.426000 结果是否最优:y
***********
Minimum Execution Time:82.974000
Maximum Execution Time:82.974000
Average Execution Time:82.974000
best_sol:71 33 46 21 72 10 35 90 42 85 99 95 67 70 28 92 83 26 77 94 19 58 53 15 2 54 79 76 18 9 16 45 38 65 6 59 60 30 52 97 1 41 5 64 14 78 8 93 75 80 57 84 86 50 37 31 27 22 23 96 62 25 7 74 44 61 39 20 89 29 24 13 56 17 48 36 34 40 43 88 69 49 32 63 47 82 98 87 68 55 12 91 4 73 0 51 66 11 81 3 
exact_result:-9063301120 exactresult2:-9063301120.000000 是否排列1 ax=59823  bx=458752  cx=0  obj=27443920896
 ax上界求解时间：0.113000 上界花费时间：0.116000
 ax下界求解时间：0.115000 下界花费时间：0.119000 
bx上界求解时间：0.103000 上界花费时间：0.108000
 bx下界求解时间：0.016000 下界花费时间：0.020000 
模型总求解时间：80.905000  模型求解时间：80.298000 axbx上下届时间：0.418000 结果是否最优:y
***********
Minimum Execution Time:80.905000
Maximum Execution Time:80.905000
Average Execution Time:80.905000
best_sol:71 33 46 21 72 10 35 90 42 85 99 95 67 70 28 92 83 26 77 94 19 58 53 15 2 54 79 76 18 9 16 45 38 65 6 59 60 30 52 97 1 41 5 64 14 78 8 93 75 80 57 84 86 50 37 31 27 22 23 96 62 25 7 74 44 61 39 20 89 29 24 13 56 17 48 36 34 40 43 88 69 49 32 63 47 82 98 87 68 55 12 91 4 73 0 51 66 11 81 3 
exact_result:-9063301120 exactresult2:-9063301120.000000 是否排列1 ax=59823  bx=458752  cx=0  obj=27443920896
 ax上界求解时间：0.145000 上界花费时间：0.150000
 ax下界求解时间：0.115000 下界花费时间：0.119000 
bx上界求解时间：0.159000 上界花费时间：0.164000
 bx下界求解时间：0.015000 下界花费时间：0.018000 
模型总求解时间：80.974000  模型求解时间：80.271000 axbx上下届时间：0.506000 结果是否最优:y
***********
Minimum Execution Time:80.974000
Maximum Execution Time:80.974000
Average Execution Time:80.974000
best_sol:71 33 46 21 72 10 35 90 42 85 99 95 67 70 28 92 83 26 77 94 19 58 53 15 2 54 79 76 18 9 16 45 38 65 6 59 60 30 52 97 1 41 5 64 14 78 8 93 75 80 57 84 86 50 37 31 27 22 23 96 62 25 7 74 44 61 39 20 89 29 24 13 56 17 48 36 34 40 43 88 69 49 32 63 47 82 98 87 68 55 12 91 4 73 0 51 66 11 81 3 
exact_result:-9063301120 exactresult2:-9063301120.000000 是否排列1 ax=59823  bx=458752  cx=0  obj=27443920896
 ax上界求解时间：0.117000 上界花费时间：0.120000
 ax下界求解时间：0.128000 下界花费时间：0.132000 
bx上界求解时间：0.105000 上界花费时间：0.109000
 bx下界求解时间：0.018000 下界花费时间：0.023000 
模型总求解时间：80.804000  模型求解时间：80.181000 axbx上下届时间：0.435000 结果是否最优:y
***********
Minimum Execution Time:80.804000
Maximum Execution Time:80.804000
Average Execution Time:80.804000
