best_sol:120 239 227 250 248 230 241 247 8 9 209 11 12 104 98 15 253 160 236 19 20 21 244 23 214 131 183 27 147 249 177 193 111 158 180 197 123 37 166 39 40 186 152 130 215 242 148 211 238 49 139 159 245 92 101 121 206 201 213 254 127 156 225 187 179 113 231 103 207 102 132 226 224 116 167 107 195 110 119 97 99 112 109 83 251 146 219 106 126 135 199 114 3 188 122 118 145 255 108 91 70 57 46 36 196 171 77 117 61 42 18 63 174 95 68 31 129 90 87 173 200 128 191 44 89 212 82 192 202 59 93 164 41 157 62 181 2 189 35 138 208 153 143 217 1 45 136 0 162 38 30 73 218 124 5 137 233 172 246 198 141 170 32 16 252 7 235 81 84 88 74 178 48 105 144 140 142 67 53 182 175 222 33 165 229 194 10 221 14 134 24 243 79 28 151 155 75 65 96 234 85 76 169 55 26 133 34 64 203 115 228 210 168 66 125 205 13 163 58 78 22 232 47 86 51 25 52 204 50 43 223 56 176 94 184 161 240 190 80 17 29 149 150 69 100 216 237 4 6 185 60 72 54 154 71 220 
exact_result:0 exactresult2:0.000000 是否排列1 ax=0  bx=1631094  cx=0  obj=0
 ax上界求解时间：0.483000 上界花费时间：0.493000
 ax下界求解时间：0.029000 下界花费时间：0.039000 
bx上界求解时间：0.501000 上界花费时间：0.512000
 bx下界求解时间：0.582000 下界花费时间：0.594000 
模型总求解时间：3.850000  模型求解时间：0.905000 axbx上下届时间：1.934000 结果是否最优:y
***********
Minimum Execution Time:3.850000
Maximum Execution Time:3.850000
Average Execution Time:3.850000
best_sol:1 17 18 19 89 21 7 170 9 246 26 27 11 111 13 0 32 16 34 20 36 5 97 22 25 24 23 28 29 30 31 0 48 62 0 2 52 0 54 3 56 40 58 42 45 61 12 63 65 33 66 35 138 37 38 39 57 73 0 43 44 60 46 47 80 0 67 82 69 0 71 0 88 0 55 0 41 0 79 51 81 64 83 99 91 84 85 86 0 140 75 90 4 109 94 95 112 106 98 115 100 101 102 216 0 229 105 107 108 241 93 110 127 96 113 117 131 118 233 0 104 120 0 123 179 141 126 6 128 129 68 147 116 149 150 0 137 153 122 161 0 125 119 219 144 145 130 163 132 133 134 151 152 154 169 171 156 173 142 143 160 146 162 164 148 181 0 166 168 234 174 155 188 157 158 159 191 177 178 210 165 180 197 183 200 185 187 186 172 0 189 0 192 0 194 211 195 0 198 199 184 251 202 203 204 221 206 207 208 193 209 212 0 0 214 232 0 217 201 220 167 0 238 223 0 224 225 226 228 230 245 231 114 0 218 0 237 0 222 0 0 121 242 227 243 244 8 247 248 10 250 235 254 252 14 0 
exact_result:-2121891840 exactresult2:-2121891840.000000 是否排列0 ax=117  bx=14073336  cx=0  obj=1646580312
 ax上界求解时间：0.444000 上界花费时间：0.453000
 ax下界求解时间：0.024000 下界花费时间：0.033000 
bx上界求解时间：0.496000 上界花费时间：0.505000
 bx下界求解时间：0.607000 下界花费时间：0.616000 
模型总求解时间：862.156000  模型求解时间：859.250000 axbx上下届时间：1.905000 结果是否最优:y
***********
Minimum Execution Time:862.156000
Maximum Execution Time:862.156000
Average Execution Time:862.156000
best_sol:120 239 227 250 248 230 241 247 8 9 209 11 12 104 98 15 253 160 236 19 20 21 244 23 214 131 183 27 147 249 177 193 111 158 180 197 123 37 166 39 40 186 152 130 215 242 148 211 238 49 139 159 245 92 101 121 206 201 213 254 127 156 225 187 179 113 231 103 207 102 132 226 224 116 167 107 195 110 119 97 99 112 109 83 251 146 219 106 126 135 199 114 3 188 122 118 145 255 108 91 70 57 46 36 196 171 77 117 61 42 18 63 174 95 68 31 129 90 87 173 200 128 191 44 89 212 82 192 202 59 93 164 41 157 62 181 2 189 35 138 208 153 143 217 1 45 136 0 162 38 30 73 218 124 5 137 233 172 246 198 141 170 32 16 252 7 235 81 84 88 74 178 48 105 144 140 142 67 53 182 175 222 33 165 229 194 10 221 14 134 24 243 79 28 151 155 75 65 96 234 85 76 169 55 26 133 34 64 203 115 228 210 168 66 125 205 13 163 58 78 22 232 47 86 51 25 52 204 50 43 223 56 176 94 184 161 240 190 80 17 29 149 150 69 100 216 237 4 6 185 60 72 54 154 71 220 
exact_result:0 exactresult2:0.000000 是否排列1 ax=0  bx=1631094  cx=0  obj=0
 ax上界求解时间：0.446000 上界花费时间：0.460000
 ax下界求解时间：0.025000 下界花费时间：0.034000 
bx上界求解时间：0.480000 上界花费时间：0.490000
 bx下界求解时间：0.585000 下界花费时间：0.606000 
模型总求解时间：4.245000  模型求解时间：1.387000 axbx上下届时间：1.873000 结果是否最优:y
***********
Minimum Execution Time:4.245000
Maximum Execution Time:4.245000
Average Execution Time:4.245000
best_sol:1 17 18 19 89 21 7 170 9 246 26 27 11 111 13 0 32 16 34 20 36 5 97 22 25 24 23 28 29 30 31 0 48 62 0 2 52 0 54 3 56 40 58 42 45 61 12 63 65 33 66 35 138 37 38 39 57 73 0 43 44 60 46 47 80 0 67 82 69 0 71 0 88 0 55 0 41 0 79 51 81 64 83 99 91 84 85 86 0 140 75 90 4 109 94 95 112 106 98 115 100 101 102 216 0 229 105 107 108 241 93 110 127 96 113 117 131 118 233 0 104 120 0 123 179 141 126 6 128 129 68 147 116 149 150 0 137 153 122 161 0 125 119 219 144 145 130 163 132 133 134 151 152 154 169 171 156 173 142 143 160 146 162 164 148 181 0 166 168 234 174 155 188 157 158 159 191 177 178 210 165 180 197 183 200 185 187 186 172 0 189 0 192 0 194 211 195 0 198 199 184 251 202 203 204 221 206 207 208 193 209 212 0 0 214 232 0 217 201 220 167 0 238 223 0 224 225 226 228 230 245 231 114 0 218 0 237 0 222 0 0 121 242 227 243 244 8 247 248 10 250 235 254 252 14 0 
exact_result:-2121891840 exactresult2:-2121891840.000000 是否排列0 ax=117  bx=14073336  cx=0  obj=1646580312
 ax上界求解时间：0.435000 上界花费时间：0.448000
 ax下界求解时间：0.023000 下界花费时间：0.031000 
bx上界求解时间：0.484000 上界花费时间：0.492000
 bx下界求解时间：0.601000 下界花费时间：0.611000 
模型总求解时间：852.332000  模型求解时间：849.475000 axbx上下届时间：1.870000 结果是否最优:y
***********
Minimum Execution Time:852.332000
Maximum Execution Time:852.332000
Average Execution Time:852.332000
