best_sol:29 46 90 148 0 147 97 122 112 22 99 107 106 11 42 68 20 66 62 114 8 77 98 94 65 125 88 59 130 127 143 73 9 15 81 67 41 49 113 44 128 24 124 56 117 139 142 6 27 141 54 52 140 115 13 74 79 40 37 30 1 123 63 103 55 118 137 92 35 100 126 4 26 86 110 132 91 28 36 84 64 75 146 58 39 89 61 133 131 23 104 31 16 5 111 82 70 45 105 129 50 95 120 7 85 14 101 38 21 2 136 53 34 19 60 71 83 80 57 149 12 18 93 138 47 76 78 145 17 51 33 32 10 134 48 96 108 135 109 144 119 72 25 69 43 102 3 121 116 87 
exact_result:0 exactresult2:0.000000 是否排列1 ax=1172  bx=0  cx=0  obj=0
 ax上界求解时间：0.187000 上界花费时间：0.193000
 ax下界求解时间：0.165000 下界花费时间：0.171000 
bx上界求解时间：0.165000 上界花费时间：0.170000
 bx下界求解时间：0.198000 下界花费时间：0.205000 
模型总求解时间：1.574000  模型求解时间：0.362000 axbx上下届时间：0.847000 结果是否最优:y
***********
Minimum Execution Time:1.574000
Maximum Execution Time:1.574000
Average Execution Time:1.574000
best_sol:60 2 12 83 127 48 85 142 101 102 103 99 57 33 146 58 94 121 100 149 112 147 67 148 54 9 66 77 65 138 3 135 71 50 92 91 32 93 96 15 24 36 39 120 110 59 1 74 109 30 34 115 123 46 125 8 86 84 69 37 56 128 61 131 62 111 52 45 42 20 40 0 41 14 27 90 105 82 29 122 23 53 80 26 117 114 35 72 11 38 6 145 124 81 18 143 5 63 16 79 104 119 70 43 22 130 31 116 133 75 136 132 17 134 98 118 140 113 89 73 76 51 4 25 21 137 144 87 129 108 28 68 88 7 13 97 141 55 64 19 78 139 126 106 107 47 49 95 10 44 
exact_result:0 exactresult2:0.000000 是否排列1 ax=1108  bx=0  cx=0  obj=0
 ax上界求解时间：0.163000 上界花费时间：0.167000
 ax下界求解时间：0.178000 下界花费时间：0.185000 
bx上界求解时间：0.166000 上界花费时间：0.170000
 bx下界求解时间：0.219000 下界花费时间：0.225000 
模型总求解时间：1.719000  模型求解时间：0.501000 axbx上下届时间：0.852000 结果是否最优:y
***********
Minimum Execution Time:1.719000
Maximum Execution Time:1.719000
Average Execution Time:1.719000
