best_sol:244 309 163 397 222 232 172 87 75 151 112 135 549 362 103 216 289 60 17 408 34 170 76 585 552 61 409 326 249 314 317 455 298 429 352 503 365 337 430 169 242 180 330 279 28 376 295 553 501 55 138 508 218 382 310 580 313 280 236 379 456 495 184 339 213 127 306 416 51 596 281 209 329 264 577 57 599 198 174 350 106 296 248 261 335 129 84 481 96 118 152 506 162 230 514 286 131 3 421 73 370 569 219 276 384 595 215 144 328 557 22 371 182 388 82 338 342 496 145 46 301 93 492 453 225 111 353 265 424 150 515 459 560 358 576 465 26 134 266 507 542 533 37 368 537 189 510 378 139 212 186 375 525 592 299 556 387 423 204 110 293 44 528 381 16 363 53 285 116 179 70 29 570 391 307 474 191 444 485 433 126 10 439 427 323 269 74 322 69 278 41 250 336 349 590 117 579 140 333 194 392 197 568 287 272 67 308 304 143 88 165 563 202 83 85 72 283 291 573 390 396 360 544 469 137 524 434 39 95 235 300 171 593 99 273 521 156 583 157 477 115 347 231 587 373 155 345 275 452 267 411 190 437 160 238 30 192 205 147 447 487 19 312 62 400 0 561 58 450 435 369 89 567 483 351 461 574 395 105 484 406 380 356 463 21 478 505 107 386 119 66 207 305 270 558 92 489 263 243 443 214 534 277 497 120 530 531 251 597 500 245 436 229 188 551 519 536 13 86 355 374 451 100 377 148 431 460 414 540 159 239 541 161 104 588 254 591 268 177 571 79 555 522 441 419 217 132 385 482 320 448 12 133 228 410 318 383 158 24 523 292 518 527 193 71 27 475 47 223 178 535 532 33 6 240 575 594 493 393 183 32 50 357 210 499 221 520 241 442 167 97 539 398 547 354 538 256 42 311 402 490 224 403 164 54 20 259 471 101 153 550 598 468 114 125 324 233 1 25 586 282 154 509 343 425 486 346 294 341 366 327 422 516 404 176 344 227 565 56 413 257 247 91 432 445 543 399 258 49 479 512 440 102 262 40 253 334 90 389 23 428 136 11 554 252 367 394 2 470 578 303 124 467 340 325 38 297 562 166 36 274 412 348 168 195 8 529 290 77 237 220 405 141 18 181 234 526 200 226 142 457 203 4 480 284 566 438 449 81 315 331 59 271 128 488 64 548 415 589 364 288 123 581 361 78 504 319 372 187 15 302 43 255 572 491 206 199 511 401 359 208 65 473 7 94 472 5 121 68 584 517 546 454 260 321 196 476 9 113 122 464 466 63 149 498 98 446 418 14 146 502 462 246 426 407 173 45 108 109 80 545 201 48 417 130 559 211 582 458 52 185 513 564 332 494 420 35 316 175 31 
exact_result:11604469  是否排列1 ax=1616  bx=7173  cx=12901  obj=11604469
 ax上界求解时间：3.891000 上界花费时间：3.906000
 ax下界求解时间：3.641000 下界花费时间：3.672000 
bx上界求解时间：4.250000 上界花费时间：4.281000
 bx下界求解时间：4.140000 下界花费时间：4.172000 
模型总求解时间：29.438000  模型求解时间：11.594000 axbx上下届时间：17.344000 
***********
Minimum Execution Time:29.438000
Maximum Execution Time:29.438000
Average Execution Time:29.438000
