best_sol:173 25 91 196 156 87 136 60 142 54 33 55 30 157 49 88 36 84 170 21 178 2 123 23 18 80 107 12 17 131 42 50 61 43 85 110 76 169 92 63 105 166 138 1 106 164 74 122 69 52 153 53 5 71 172 35 100 171 27 115 189 81 133 70 46 184 94 72 103 24 19 102 187 198 152 93 113 97 161 20 134 101 16 160 83 26 159 9 66 90 129 126 112 6 181 124 99 179 29 154 191 190 146 96 151 78 67 155 127 75 89 120 22 139 117 79 143 149 39 14 195 95 162 64 47 57 15 59 38 82 175 186 135 51 140 111 141 144 32 182 188 183 114 193 165 41 192 118 125 56 109 3 44 31 58 180 119 176 199 48 137 8 194 121 40 150 73 148 145 116 28 130 4 197 0 132 167 62 34 158 86 163 45 168 65 128 104 11 7 177 77 13 174 185 10 147 37 108 98 68 
exact_result:422953  是否排列1 ax=200  bx=2086  cx=5753  obj=422953
 ax上界求解时间：0.313000 上界花费时间：0.328000
 ax下界求解时间：0.281000 下界花费时间：0.281000 
bx上界求解时间：0.297000 上界花费时间：0.297000
 bx下界求解时间：0.303000 下界花费时间：0.319000 
模型总求解时间：2.183000  模型求解时间：0.625000 axbx上下届时间：1.495000 
***********
Minimum Execution Time:2.183000
Maximum Execution Time:2.183000
Average Execution Time:2.183000
