best_sol:1146 197 1112 145 406 1111 289 44 1143 110 846 156 987 208 715 636 132 1102 575 1113 1154 21 579 1041 882 429 516 705 730 41 915 1181 193 550 553 176 537 964 944 752 998 872 1045 148 744 622 1163 1180 496 772 249 1170 277 1077 719 340 816 170 381 1155 841 565 86 671 1119 47 823 109 116 301 392 502 504 343 657 604 1020 709 1002 310 888 117 87 350 620 1076 122 948 606 856 147 788 695 428 617 1191 836 990 298 377 631 916 475 787 342 697 10 955 443 450 592 161 723 521 759 487 991 618 1121 680 1004 577 279 52 1115 549 627 66 477 854 822 844 611 952 994 626 189 530 39 830 679 562 239 220 35 217 435 456 700 673 1046 883 908 681 563 1129 969 661 949 656 583 174 64 114 467 396 24 486 371 154 712 922 689 567 799 395 490 237 696 1192 605 478 470 535 1057 283 481 596 1064 464 1003 361 369 810 185 415 702 693 192 957 894 138 1050 781 1053 199 427 845 404 250 129 6 588 1090 890 770 42 213 168 214 359 733 328 902 1144 290 1069 58 367 1171 548 2 647 400 513 460 1061 807 614 498 797 1194 364 408 847 278 113 923 1137 339 975 747 642 1110 14 1126 668 471 333 31 609 50 394 365 1166 461 862 503 254 235 811 717 1117 63 1176 275 1106 26 961 419 225 1085 1147 674 601 1079 865 383 838 27 1188 919 144 424 454 336 529 403 451 514 1067 1025 243 4 57 1023 425 524 943 115 344 354 74 1036 376 445 658 474 762 255 299 1107 1071 1082 1013 873 928 1038 143 363 1124 1196 906 444 212 494 422 326 522 479 219 880 447 1028 407 366 309 813 455 821 920 1065 540 247 934 789 423 1187 90 591 748 294 1127 654 38 1008 613 101 782 452 792 292 573 939 288 1098 976 18 462 281 936 899 746 355 80 303 1139 492 737 106 332 1100 12 741 409 1116 438 28 585 104 721 302 802 1091 798 221 1123 20 73 268 871 102 81 643 1158 958 472 196 638 933 433 587 1169 977 7 246 13 374 497 30 912 735 761 641 1033 397 1074 778 630 1179 97 393 801 590 1125 1037 749 1092 837 402 1132 358 539 676 1150 980 202 1042 287 866 72 432 232 560 589 1059 56 777 808 190 1133 532 330 1182 773 891 244 771 784 511 1005 137 578 966 758 555 345 973 348 940 610 909 682 678 889 25 572 536 335 499 320 731 574 210 507 463 1086 694 683 692 860 859 993 493 125 233 331 1148 756 790 323 40 602 357 1078 164 1017 635 576 819 120 505 29 833 204 291 959 85 1060 571 728 119 1128 996 644 313 1190 270 927 495 531 131 206 603 867 907 304 639 317 356 88 387 659 227 19 1195 971 187 274 209 307 554 903 353 584 1094 334 318 248 724 184 71 863 153 633 1066 142 938 616 121 556 512 896 1044 544 1019 509 767 615 581 734 570 740 566 351 372 1152 1151 1070 1073 457 1162 831 398 941 410 1141 1118 17 751 1099 92 629 1043 1068 775 141 446 704 442 315 918 83 875 84 1101 1072 716 68 228 804 911 877 632 94 1024 216 437 599 266 818 258 710 624 869 783 937 70 827 725 947 1051 598 103 1172 881 1007 946 1134 1175 152 861 346 297 718 413 510 651 667 180 276 793 89 338 349 390 895 1103 1122 543 796 1014 265 913 1140 665 1160 564 989 312 1089 1096 417 637 1048 226 337 134 308 763 829 518 708 162 391 1088 1174 663 82 533 519 765 597 900 925 329 945 978 282 76 22 257 186 1120 380 253 262 1183 660 273 327 146 623 305 1178 1145 887 640 1114 1168 942 826 1039 362 421 951 985 800 69 568 293 466 360 476 1 136 974 983 986 766 316 628 1040 177 1062 222 150 652 886 769 1109 261 594 963 420 286 713 834 1135 379 817 1184 1047 488 368 37 967 1035 1159 954 271 675 805 988 1108 956 501 160 965 650 155 561 662 870 774 53 1193 33 835 962 742 341 843 280 95 672 171 686 768 91 655 779 825 436 1198 263 931 803 99 722 979 389 1142 1011 112 1009 172 384 995 211 269 517 123 45 352 701 557 905 36 698 59 449 824 135 780 179 198 264 78 864 595 515 251 982 814 984 677 653 223 388 207 666 1104 1197 1056 878 820 685 714 852 997 231 175 140 401 1189 111 809 195 32 62 347 1136 932 755 229 11 795 739 1153 1186 1027 201 1161 319 149 1022 924 100 1026 879 545 54 75 0 1081 127 664 55 619 285 753 431 9 1015 527 105 1000 126 670 552 1052 181 828 1138 173 224 898 373 764 542 1032 23 482 430 1034 525 853 1093 1029 1164 1149 684 178 234 1018 158 118 1075 558 1095 191 165 459 465 426 65 8 1055 1006 77 839 885 167 621 1165 1173 491 1105 950 205 600 625 218 738 385 441 754 284 582 200 489 500 382 649 15 188 1030 314 608 732 1130 96 1031 1131 855 1185 992 256 506 43 929 970 46 1080 238 260 480 634 786 926 157 1087 520 607 67 526 840 711 857 296 130 399 953 79 1063 776 230 508 215 1157 699 405 848 914 528 370 687 534 5 646 917 183 901 61 485 453 849 743 547 972 1167 832 1084 242 128 375 98 245 842 203 458 874 612 1021 910 868 586 300 812 981 1010 295 580 51 850 241 267 921 484 1001 968 546 893 60 252 541 1016 1177 107 707 551 736 259 703 166 593 729 49 182 757 794 688 806 851 648 133 569 378 386 1049 960 785 930 750 48 523 745 935 468 690 434 240 1156 720 726 440 876 322 1097 311 272 469 791 559 669 321 483 1012 93 416 999 645 1199 325 16 194 473 34 448 815 306 412 858 169 439 897 904 3 1083 108 892 1054 124 324 691 1058 727 236 411 418 706 163 159 414 139 760 151 884 538 
exact_result:14427209  是否排列1 ax=1200  bx=12000  cx=27209  obj=14427209
 ax上界求解时间：21.938000 上界花费时间：22.031000
 ax下界求解时间：16.250000 下界花费时间：16.343000 
bx上界求解时间：21.656000 上界花费时间：21.766000
 bx下界求解时间：15.938000 下界花费时间：16.047000 
模型总求解时间：154.953000  模型求解时间：70.547000 axbx上下届时间：82.203000 
***********
Minimum Execution Time:154.953000
Maximum Execution Time:154.953000
Average Execution Time:154.953000
