best_sol:728 439 685 471 280 738 253 522 299 688 759 586 84 649 652 108 117 197 301 180 585 225 438 308 686 531 292 245 403 236 83 658 698 733 336 723 418 548 98 764 270 641 506 33 133 388 611 362 746 655 6 642 329 482 182 441 283 54 254 461 584 90 96 799 575 4 46 376 326 704 134 651 328 347 696 142 468 80 701 731 16 141 604 420 449 788 564 460 422 547 589 192 477 167 790 381 476 691 739 398 632 784 303 244 110 109 521 276 662 661 59 645 211 10 2 58 615 697 722 146 657 156 444 664 208 782 777 239 213 614 229 322 204 768 499 683 681 366 368 663 11 147 605 568 261 781 494 246 304 508 77 487 203 8 266 498 372 634 532 706 124 323 265 9 510 463 249 607 106 274 448 769 231 44 401 613 50 710 360 536 288 588 302 712 485 264 758 406 754 89 773 779 251 127 486 793 590 23 556 191 38 467 530 495 163 631 399 219 355 660 603 748 627 57 454 700 751 375 135 79 599 488 720 559 43 489 216 592 417 386 427 480 598 289 562 677 27 139 493 543 475 410 387 164 31 20 279 351 161 623 491 616 735 92 157 193 295 331 71 296 148 287 753 492 591 337 214 278 338 36 446 113 602 159 369 13 643 343 786 671 371 230 794 635 517 554 140 719 458 650 474 312 28 714 423 75 69 217 250 394 255 644 452 725 382 785 434 518 638 248 736 407 199 341 595 185 558 653 200 19 724 361 352 222 215 105 481 504 345 194 507 708 628 313 524 257 201 130 218 412 359 311 796 35 760 162 772 740 742 205 262 53 129 179 501 195 711 479 51 169 373 144 730 717 792 534 500 188 749 774 511 424 367 667 450 574 314 277 680 221 160 223 64 15 120 294 198 596 435 238 542 433 625 505 66 52 233 675 527 620 30 734 705 166 472 672 60 502 544 612 529 520 647 763 49 432 600 122 528 478 656 665 228 290 340 333 707 190 242 177 325 726 293 756 267 593 694 316 572 400 263 207 747 252 430 40 540 209 151 752 202 73 14 514 220 379 318 456 240 271 409 224 378 76 317 176 121 630 563 256 626 370 639 183 617 168 212 70 566 512 509 354 455 669 451 298 442 131 226 428 402 497 654 765 419 483 284 791 74 580 320 633 541 137 93 272 247 356 275 56 128 377 618 587 577 181 187 465 557 310 81 332 349 384 365 416 716 153 549 727 729 755 515 546 713 95 757 637 260 102 770 357 155 668 780 659 184 673 579 268 24 551 619 86 149 678 100 496 315 300 636 797 767 565 581 103 68 397 761 21 41 516 243 94 421 346 687 125 210 42 62 390 126 750 567 425 741 431 297 550 175 576 119 330 12 364 744 189 186 573 503 437 470 47 415 578 173 152 513 7 26 798 718 342 389 234 473 464 116 334 393 453 555 795 699 538 778 737 104 640 170 709 775 743 601 34 413 436 561 281 158 443 111 324 101 88 695 789 715 227 466 306 206 132 703 67 787 552 259 48 114 154 350 404 629 535 363 392 344 571 783 123 307 459 560 348 679 171 582 5 309 107 165 61 745 172 150 666 533 457 32 39 525 732 335 138 237 570 414 622 29 87 78 136 408 594 609 45 115 396 327 440 380 339 282 539 358 490 462 291 273 232 682 258 692 721 286 429 445 17 405 608 99 624 196 670 285 702 447 143 762 269 112 241 597 82 305 648 37 321 684 0 519 690 178 689 235 569 606 25 545 3 374 610 771 426 621 583 766 22 676 523 97 319 145 174 646 18 91 411 553 118 55 395 776 391 63 537 383 1 693 72 65 674 484 385 353 526 85 469 
exact_result:500191326  是否排列1 ax=10104  bx=49486  cx=184782  obj=500191326
 ax上界求解时间：8.031000 上界花费时间：8.062000
 ax下界求解时间：6.782000 下界花费时间：6.813000 
bx上界求解时间：8.047000 上界花费时间：8.094000
 bx下界求解时间：7.141000 下界花费时间：7.172000 
模型总求解时间：55.986000  模型求解时间：22.391000 axbx上下届时间：32.657000 
***********
Minimum Execution Time:55.986000
Maximum Execution Time:55.986000
Average Execution Time:55.986000
