best_sol:401 546 272 238 532 137 175 28 593 231 486 173 314 440 560 473 353 471 572 164 331 426 584 248 325 570 583 97 575 458 408 588 15 63 286 492 171 48 284 57 562 254 76 261 80 187 465 393 457 160 273 504 483 6 328 150 467 501 225 130 445 149 379 103 174 274 513 43 596 511 201 516 40 182 550 11 96 82 539 24 439 20 422 162 143 475 120 391 81 463 369 134 506 330 153 332 41 536 205 579 163 45 282 368 9 172 145 491 597 302 510 122 144 538 142 411 312 204 224 95 58 443 56 257 152 94 52 71 571 519 474 263 249 547 365 380 337 387 110 552 592 8 586 16 358 348 132 524 49 352 305 339 14 1 22 459 127 569 407 526 450 367 509 477 420 410 170 246 289 534 490 185 389 101 213 108 133 192 29 453 419 125 478 578 265 431 232 335 299 154 243 74 545 250 17 10 566 320 537 349 582 462 576 281 446 252 105 303 37 25 295 78 75 44 285 413 451 412 31 594 279 169 199 460 402 423 449 269 19 374 487 30 50 237 42 333 147 2 472 278 135 452 535 46 557 396 363 113 564 140 530 59 234 409 447 146 319 89 255 126 270 381 386 165 558 210 139 229 485 565 598 271 347 417 479 366 495 117 251 542 406 178 428 466 39 111 362 494 517 383 288 21 343 291 599 371 404 211 242 51 258 259 109 0 341 5 518 375 354 464 236 515 469 196 301 193 218 415 245 448 307 523 390 540 507 228 180 455 470 67 221 100 553 590 300 280 141 489 12 581 68 497 435 73 323 7 567 531 454 194 324 55 522 262 561 276 528 104 256 493 293 264 227 360 345 430 292 106 190 84 118 399 342 298 405 287 533 123 414 541 212 432 499 184 138 219 577 36 563 297 47 18 514 310 128 322 54 215 197 357 346 191 121 543 574 200 116 481 35 202 559 372 206 3 208 161 290 166 195 425 326 296 340 309 112 315 503 217 441 589 177 568 456 240 277 416 356 444 198 461 308 378 235 359 400 260 418 203 555 70 77 548 268 114 488 226 186 90 496 364 294 38 587 107 544 72 151 508 136 482 316 53 505 244 525 168 424 92 549 334 317 283 377 554 313 361 176 131 344 392 188 476 4 156 93 155 102 480 148 60 502 23 351 34 442 79 376 13 157 355 318 183 551 595 527 529 500 189 181 397 87 329 350 179 83 124 241 119 394 88 216 373 573 158 304 61 498 247 306 26 388 66 438 239 86 591 91 209 436 266 207 311 85 398 223 65 395 336 129 33 69 556 275 214 327 98 115 159 222 321 427 370 220 338 64 62 253 512 484 99 27 403 434 468 167 521 580 385 384 433 32 230 233 429 382 585 520 421 437 267 
exact_result:3618408  是否排列1 ax=600  bx=6005  cx=15408  obj=3618408
 ax上界求解时间：3.641000 上界花费时间：3.672000
 ax下界求解时间：3.281000 下界花费时间：3.297000 
bx上界求解时间：4.266000 上界花费时间：4.282000
 bx下界求解时间：3.328000 下界花费时间：3.343000 
模型总求解时间：27.172000  模型求解时间：10.750000 axbx上下届时间：15.922000 
***********
Minimum Execution Time:27.172000
Maximum Execution Time:27.172000
Average Execution Time:27.172000
