best_sol:61 86 353 199 223 117 78 215 17 36 195 80 163 53 91 94 116 322 282 239 357 194 121 328 7 107 289 57 27 347 111 170 134 219 379 65 302 79 160 47 200 66 10 5 367 71 119 63 236 387 307 62 283 129 220 243 280 276 189 299 142 224 389 290 319 108 221 356 190 174 186 244 183 185 371 60 365 146 193 326 214 396 97 350 231 42 321 222 388 143 308 318 335 266 251 96 225 153 28 232 238 1 87 218 314 340 132 385 49 125 312 88 286 298 54 247 360 258 74 92 39 361 24 16 151 197 285 375 147 362 32 90 9 382 73 104 351 112 70 304 157 366 325 376 136 333 176 167 291 179 137 152 374 301 204 345 352 178 346 11 165 8 141 95 22 43 127 34 23 41 292 46 273 252 364 284 270 138 173 181 233 45 166 25 205 309 30 263 172 164 381 295 230 383 217 240 305 69 311 262 162 271 296 331 106 33 265 269 161 89 109 208 359 227 50 126 386 348 257 156 59 277 149 85 211 216 115 274 171 128 68 253 324 100 209 58 67 339 26 64 120 113 237 18 315 272 242 275 201 13 327 37 349 377 122 246 4 196 175 21 229 378 76 310 338 206 228 368 51 255 82 212 0 380 267 250 390 293 264 344 15 210 159 260 393 248 44 287 261 180 93 363 241 139 300 317 35 245 330 177 77 202 395 12 203 130 278 72 81 148 99 98 372 397 373 234 369 358 56 306 124 303 323 158 40 133 182 123 394 110 154 294 399 281 84 398 259 150 254 83 118 48 105 101 384 155 391 187 249 145 334 213 55 131 31 279 20 198 3 341 288 14 191 188 168 144 103 370 135 342 169 268 354 2 313 316 38 29 52 140 226 207 75 102 19 329 235 337 297 114 336 332 6 256 192 320 355 343 184 392 
exact_result:20006601  是否排列1 ax=500  bx=39830  cx=91601  obj=20006601
 ax上界求解时间：1.156000 上界花费时间：1.172000
 ax下界求解时间：1.360000 下界花费时间：1.375000 
bx上界求解时间：1.391000 上界花费时间：1.391000
 bx下界求解时间：1.250000 下界花费时间：1.250000 
模型总求解时间：10.390000  模型求解时间：4.437000 axbx上下届时间：5.750000 结果是否最优:y
***********
Minimum Execution Time:10.390000
Maximum Execution Time:10.390000
Average Execution Time:10.390000
