best_sol:576 84 325 92 394 429 180 448 449 430 486 491 463 174 371 597 74 37 99 32 314 236 256 96 122 19 596 284 393 10 16 447 341 40 593 119 134 69 498 108 208 238 38 567 101 482 44 403 197 132 172 465 360 376 126 428 484 413 15 424 381 351 211 39 299 192 441 27 547 536 203 283 534 269 20 271 53 461 399 116 390 195 86 397 9 76 217 590 405 508 419 149 506 439 4 575 304 355 525 539 239 470 426 511 352 398 522 50 492 265 527 320 267 223 564 258 268 577 216 214 59 157 31 11 25 183 285 362 230 150 65 350 369 229 232 512 374 572 70 289 483 485 510 569 386 457 156 446 260 462 337 481 528 375 319 295 209 80 339 68 91 280 273 579 497 408 168 237 582 191 404 458 21 365 378 103 471 6 451 589 551 315 570 166 368 464 411 410 546 301 75 98 261 137 110 198 300 262 175 308 513 2 363 78 472 321 206 298 28 221 234 558 563 324 303 311 533 140 123 342 323 94 246 407 259 474 422 163 105 169 423 231 64 467 213 61 380 294 143 532 152 135 568 499 326 599 85 97 502 225 414 133 456 553 56 41 332 263 580 286 276 8 161 358 556 66 114 316 379 523 417 515 48 307 415 595 73 555 146 460 565 3 445 427 503 389 455 253 391 151 535 127 79 357 306 243 160 348 159 354 489 242 349 317 129 141 518 227 480 190 167 89 562 493 45 443 42 7 93 90 475 100 578 187 164 478 420 529 279 396 561 476 185 23 222 416 318 12 557 382 517 495 587 131 71 496 548 296 287 145 353 292 591 468 309 14 490 538 436 81 501 345 171 402 385 226 584 186 52 43 343 586 291 571 288 30 531 377 235 526 554 340 117 519 435 401 387 328 29 228 264 144 112 275 469 184 459 450 257 194 255 322 244 252 60 125 154 585 434 55 118 438 248 245 336 207 199 541 178 176 274 18 158 453 200 219 356 524 361 552 566 22 215 305 220 281 504 545 594 233 240 147 466 537 313 331 193 57 201 181 62 581 412 473 205 111 251 196 454 560 162 509 372 540 346 142 521 444 588 249 13 63 310 395 115 406 479 82 34 437 373 344 254 530 409 440 392 334 500 388 120 549 138 54 182 224 95 442 573 250 574 514 367 77 46 421 477 130 24 136 0 359 139 494 598 270 433 383 35 210 542 124 33 425 505 266 452 1 170 550 583 327 384 364 36 370 330 366 153 272 51 507 5 302 544 297 212 329 520 58 247 87 49 165 26 400 121 102 128 278 218 47 488 109 290 543 179 241 104 107 204 189 67 312 88 113 293 148 487 177 338 277 106 173 83 432 516 17 431 333 202 559 418 347 72 592 335 155 188 282 
exact_result:215688741  是否排列1 ax=3801  bx=56709  cx=137832  obj=215688741
 ax上界求解时间：3.672000 上界花费时间：3.688000
 ax下界求解时间：3.890000 下界花费时间：3.906000 
bx上界求解时间：3.906000 上界花费时间：3.922000
 bx下界求解时间：3.781000 下界花费时间：3.797000 
模型总求解时间：27.844000  模型求解时间：10.703000 axbx上下届时间：16.641000 结果是否最优:y
***********
Minimum Execution Time:27.844000
Maximum Execution Time:27.844000
Average Execution Time:27.844000
