best_sol:4 242 428 924 67 681 572 474 239 58 302 727 937 725 626 721 687 175 549 489 5 649 432 220 722 985 456 389 362 89 740 30 541 629 899 942 194 567 179 920 963 685 363 588 166 259 679 686 692 883 561 790 416 235 655 13 695 911 341 92 744 633 552 475 289 480 657 534 125 73 413 340 826 144 439 452 435 645 207 296 283 884 324 907 268 772 180 748 828 198 823 888 497 994 524 156 639 976 956 528 663 616 860 877 68 336 980 897 544 465 560 882 232 120 756 328 281 738 757 438 206 515 250 54 938 370 644 137 909 32 892 847 19 984 225 881 800 307 153 72 974 228 458 315 562 28 371 471 94 697 706 630 977 760 839 158 246 374 313 126 286 914 926 624 554 930 684 788 249 214 871 354 958 162 20 200 386 52 434 693 799 559 841 818 104 690 150 643 949 401 309 516 869 86 462 112 270 965 499 188 483 714 279 64 987 723 709 420 764 146 801 477 290 257 855 119 287 774 878 457 106 520 387 705 373 41 258 751 344 905 640 665 933 593 364 213 885 606 114 677 185 670 668 578 93 918 3 778 172 85 811 504 696 262 163 412 934 388 134 873 399 419 654 694 422 960 988 699 569 101 523 78 610 582 506 658 83 211 592 485 284 170 753 69 551 596 545 941 433 583 509 108 575 526 535 771 611 691 299 7 330 143 961 39 288 989 218 931 784 148 403 916 481 133 704 470 703 932 490 719 512 105 586 453 174 216 14 548 484 731 122 538 407 323 859 895 240 10 448 102 711 900 199 252 204 29 76 398 360 505 886 550 992 130 829 843 292 915 131 193 522 304 821 700 743 840 352 337 814 662 866 852 449 749 874 467 568 426 437 479 813 314 767 176 274 737 781 547 487 876 80 990 234 348 689 208 385 97 573 241 2 835 579 896 145 576 25 376 887 825 447 82 680 604 944 429 35 986 890 135 8 511 441 761 631 486 177 327 752 500 160 472 872 682 202 715 103 345 906 107 115 129 255 400 730 521 378 832 24 940 124 981 594 913 431 152 536 464 473 316 968 672 269 291 209 810 224 339 729 368 650 392 501 935 952 16 997 581 595 88 440 59 390 450 543 381 962 210 353 267 736 355 48 342 870 383 652 79 272 491 367 237 858 372 798 275 223 231 908 261 710 132 998 688 50 184 382 638 667 603 995 939 111 282 468 642 824 946 720 201 518 161 357 954 708 243 338 842 513 827 65 61 71 140 55 478 424 265 276 226 574 118 597 967 785 469 87 406 402 793 264 494 773 632 770 701 862 796 379 605 675 333 404 556 923 817 564 653 43 95 577 787 369 325 919 26 310 925 812 63 31 917 742 542 503 776 795 498 735 804 973 612 96 136 993 525 844 285 627 797 898 957 815 615 517 321 139 540 769 196 613 789 394 953 15 312 794 912 303 702 36 614 754 155 271 459 33 717 319 635 947 418 768 964 113 256 805 589 531 21 169 508 254 301 553 77 879 221 607 901 57 34 718 712 415 159 894 659 527 830 320 786 608 263 779 648 836 791 451 904 414 854 587 983 519 664 671 739 358 375 929 347 365 277 724 948 726 850 164 970 865 366 927 716 178 230 409 349 822 454 628 636 334 227 51 217 37 222 81 247 846 637 219 622 74 620 707 782 165 9 496 856 300 975 555 331 466 807 446 238 999 393 171 442 802 775 298 969 493 762 181 22 266 253 853 343 951 831 936 529 99 728 488 260 867 356 599 236 191 410 514 676 197 950 56 40 482 173 806 423 138 297 563 380 833 838 109 619 280 405 203 45 746 571 306 186 530 151 329 660 669 167 11 955 966 495 391 861 590 803 346 168 195 625 12 98 123 661 971 845 750 532 834 903 18 848 868 27 84 585 311 837 23 492 537 539 244 273 600 75 245 902 335 808 991 849 558 570 609 460 875 698 734 47 308 46 792 294 889 598 322 117 809 233 922 996 747 618 445 62 891 978 305 507 127 350 417 910 142 318 189 384 212 463 982 533 546 436 777 621 411 666 759 851 17 880 361 656 763 864 377 182 646 332 943 141 461 565 100 0 972 733 121 510 673 425 326 49 780 959 647 674 60 816 187 90 765 591 601 91 566 651 110 116 190 678 758 427 293 6 205 66 584 154 444 443 359 580 408 820 617 1 147 893 819 766 641 229 502 395 53 351 215 732 602 476 557 251 783 295 397 634 38 945 70 921 317 44 248 157 396 683 857 128 623 979 928 183 863 421 741 713 278 430 755 192 42 745 455 149 
exact_result:47862749  是否排列1 ax=2744  bx=17435  cx=21109  obj=47862749
 ax上界求解时间：14.177000 上界花费时间：14.241000
 ax下界求解时间：13.388000 下界花费时间：13.461000 
bx上界求解时间：14.036000 上界花费时间：14.107000
 bx下界求解时间：15.286000 下界花费时间：15.356000 
模型总求解时间：254.542000  模型求解时间：191.854000 axbx上下届时间：61.213000 结果是否最优:y
***********
Minimum Execution Time:254.542000
Maximum Execution Time:254.542000
Average Execution Time:254.542000
