best_sol:431 86 173 507 397 6 33 299 186 663 342 770 302 227 282 475 672 332 69 704 109 281 336 652 744 477 171 489 239 429 498 480 289 452 316 389 335 732 795 561 76 537 251 415 679 611 766 435 201 145 433 657 645 34 411 385 600 36 130 132 260 98 691 143 497 160 724 570 314 218 37 598 58 430 488 118 379 384 128 134 18 104 797 309 607 462 51 196 633 167 658 656 235 22 791 747 606 447 709 337 55 508 191 187 540 632 772 577 162 783 396 587 553 216 209 409 740 559 206 399 774 721 407 735 246 592 620 748 9 272 249 644 81 790 90 702 185 676 780 668 144 635 765 380 266 151 713 29 317 548 604 576 782 94 213 610 65 381 714 120 750 767 614 705 305 572 467 229 113 95 556 75 38 108 306 643 469 684 138 101 353 534 177 627 427 106 787 330 506 530 535 364 503 655 420 80 593 703 501 623 581 344 565 215 326 329 362 730 367 345 499 274 392 567 701 197 517 513 543 7 492 56 451 566 727 552 476 560 105 365 357 83 19 136 121 50 261 324 5 589 500 140 35 693 444 733 579 70 192 200 198 369 590 621 387 383 695 416 343 412 554 745 459 155 11 784 222 149 574 358 277 219 731 166 717 226 308 651 470 356 472 518 533 284 405 157 248 422 30 450 628 558 15 52 698 368 630 648 74 293 417 642 321 641 742 464 27 605 49 626 228 267 734 296 322 777 276 757 697 241 639 707 31 375 87 283 564 92 751 190 403 122 456 792 538 32 97 111 457 580 788 176 454 311 139 638 690 124 568 601 609 8 687 402 294 486 625 778 1 588 175 728 729 650 720 262 88 401 773 738 202 223 250 84 613 736 541 273 263 799 179 4 146 760 102 398 391 442 746 126 150 303 762 208 461 551 755 203 290 64 400 515 298 133 478 286 233 547 89 135 82 619 376 511 419 509 339 373 449 706 659 320 719 741 776 510 119 649 437 377 677 341 59 753 72 25 45 340 583 346 68 523 287 582 491 93 426 2 378 115 496 348 597 448 304 634 550 465 77 41 61 555 103 779 237 210 688 512 23 172 370 366 96 529 455 62 350 759 17 438 78 673 722 188 388 458 66 154 44 743 26 0 170 763 363 484 300 440 670 211 148 236 331 323 681 212 338 428 473 525 71 798 245 3 524 319 14 174 406 327 796 485 504 785 483 28 297 502 159 527 395 224 46 54 184 495 466 531 571 258 256 578 696 12 259 169 67 584 164 789 199 675 749 247 622 307 786 474 352 315 716 153 180 591 408 640 686 586 557 425 563 666 460 700 711 646 617 434 536 359 193 794 453 255 270 710 393 463 413 127 612 471 602 519 549 439 594 514 360 410 100 280 726 487 667 683 505 349 532 544 60 107 674 723 13 493 21 240 292 781 244 756 141 288 545 194 301 669 615 225 752 682 436 680 232 221 39 91 351 114 195 522 421 47 181 542 595 664 285 441 205 85 129 654 660 599 207 125 20 156 269 481 48 310 242 432 73 230 689 163 394 404 254 79 424 291 761 382 494 528 596 390 647 414 631 443 372 268 99 57 355 573 575 265 718 295 318 313 10 264 445 110 629 678 546 665 131 585 758 739 189 661 685 624 257 520 418 768 361 234 468 252 775 42 231 204 737 152 371 715 423 479 24 708 712 603 112 123 243 636 312 178 526 692 214 147 161 117 43 63 165 220 764 16 653 137 771 569 271 374 253 386 325 53 168 754 490 616 725 142 40 516 278 637 662 446 699 116 521 182 694 671 334 769 618 275 539 562 333 347 793 183 354 328 158 608 279 238 482 217 
exact_result:35289208  是否排列1 ax=800  bx=43862  cx=199608  obj=35289208
 ax上界求解时间：8.437000 上界花费时间：8.469000
 ax下界求解时间：6.313000 下界花费时间：6.360000 
bx上界求解时间：7.813000 上界花费时间：7.859000
 bx下界求解时间：7.187000 下界花费时间：7.234000 
模型总求解时间：58.312000  模型求解时间：24.969000 axbx上下届时间：32.422000 结果是否最优:y
***********
Minimum Execution Time:58.312000
Maximum Execution Time:58.312000
Average Execution Time:58.312000
