best_sol:728 223 688 380 91 916 122 798 302 447 1012 749 261 969 1136 1124 744 528 1132 405 248 906 188 68 401 443 937 58 467 1079 1018 609 945 586 604 519 101 255 631 859 847 421 1112 731 457 869 1151 499 721 1135 177 389 237 628 817 1091 848 451 378 1033 161 922 1121 972 464 433 269 968 153 1037 809 996 33 104 1182 1074 931 1042 873 605 720 148 193 7 40 348 86 947 667 390 214 478 566 1081 635 213 1101 548 878 1117 681 404 1052 415 875 535 422 1005 709 523 427 1087 881 599 124 1085 994 243 21 1115 347 424 11 522 908 1041 273 877 787 636 498 857 166 1 639 63 843 801 1167 785 611 173 842 756 244 24 1076 673 226 1102 1113 960 379 867 594 601 436 561 470 337 520 307 506 923 194 540 553 230 702 746 789 343 79 236 393 537 357 507 1094 329 1161 582 549 539 786 486 14 228 78 1166 504 211 70 96 1134 450 1006 855 1105 795 417 1143 732 268 431 159 1028 84 103 554 777 1157 799 167 1109 872 377 1043 1071 130 83 1050 1118 614 454 598 910 55 298 1078 175 254 646 970 41 904 1020 822 92 1186 34 490 1088 108 1127 111 271 64 884 660 280 863 1029 764 815 49 1031 596 656 283 1103 648 662 546 299 323 745 735 653 95 1069 31 642 354 472 793 1195 808 373 534 737 206 465 1177 239 342 425 741 900 1180 290 1004 924 360 616 434 293 462 402 37 414 889 989 644 563 1190 331 361 1038 1016 502 48 178 358 127 1110 1062 330 1032 364 724 541 396 503 66 1173 100 581 891 113 913 998 992 824 445 567 898 531 428 346 640 716 315 1196 962 497 1129 310 1145 570 352 1065 740 1061 896 771 184 90 160 876 492 754 39 907 67 394 781 366 894 196 1048 623 19 814 980 69 1179 399 279 1036 262 245 74 758 304 936 527 335 683 949 1058 1100 579 1027 1155 997 1047 1014 336 386 484 729 838 312 423 135 544 488 27 301 398 169 88 1137 496 933 818 446 387 38 469 893 313 615 1133 1168 1198 1149 216 155 1064 946 1176 742 929 397 985 915 658 901 677 1156 971 583 326 452 1152 858 892 1059 265 675 1013 210 512 26 591 238 1057 606 1023 975 438 439 991 647 1003 766 750 602 841 195 1114 993 112 607 1053 899 768 305 35 276 595 650 1131 726 448 15 612 189 852 909 426 1183 1073 957 706 559 917 796 1148 862 495 253 704 882 102 365 964 247 905 956 320 670 925 420 828 550 36 510 185 864 8 752 701 805 297 395 1128 610 372 1108 680 710 89 240 629 5 251 652 1044 839 941 367 328 687 663 56 950 748 384 52 128 574 272 362 651 825 902 291 995 282 156 50 1011 747 1024 382 281 608 634 164 1010 515 836 1072 235 192 409 738 792 71 743 1158 284 833 939 760 116 509 637 114 334 388 1090 165 977 1160 812 333 140 850 911 440 275 678 29 106 621 132 429 930 568 682 1089 711 679 543 600 17 327 918 1184 1164 2 85 205 963 435 287 767 739 1080 524 761 1119 475 686 886 1008 117 1067 762 110 73 693 593 152 1104 1025 294 705 137 691 966 146 516 1035 1055 1111 763 207 532 834 672 643 573 149 12 560 990 1068 588 819 986 489 418 897 256 60 727 603 1017 81 314 589 659 65 461 695 309 871 144 61 485 204 914 529 802 564 344 723 1123 981 1175 1026 82 879 225 383 400 689 865 208 903 718 866 460 411 775 713 811 285 790 466 984 690 141 1171 791 481 234 562 565 202 569 868 733 552 952 4 215 72 453 1139 765 1189 1174 162 1154 473 508 826 1187 856 1034 258 340 277 474 392 794 1000 1138 1185 1165 246 410 374 321 942 47 1040 500 870 20 806 773 1086 154 1106 1170 371 1116 707 772 289 76 575 209 406 613 0 349 664 142 935 804 264 976 708 951 139 580 171 1162 430 6 1084 99 584 1046 895 1045 182 533 784 121 105 831 123 999 45 260 1150 1063 198 666 44 832 759 200 1001 861 625 987 751 233 661 944 218 54 1060 627 926 1093 1191 778 449 632 115 961 300 854 934 197 821 526 1022 263 186 576 1096 1039 590 967 168 1163 252 51 138 145 958 308 30 1107 369 587 125 183 542 557 556 119 1056 830 136 982 176 932 703 698 221 319 654 649 316 1142 511 143 28 59 577 730 1169 131 339 813 151 325 753 517 505 494 118 483 807 444 241 75 1181 770 955 150 332 782 80 412 416 220 482 479 187 376 919 696 853 885 249 170 676 943 622 1082 630 109 959 1130 199 181 800 242 816 685 157 3 844 1092 722 1141 179 174 757 419 1172 480 669 456 351 788 278 493 231 668 1002 572 222 381 536 23 1021 370 776 203 98 769 295 783 619 979 158 1153 1146 530 363 1051 356 1066 10 391 618 172 296 232 547 368 13 953 851 829 385 638 558 403 571 827 694 803 983 257 1125 147 338 712 1178 797 350 665 1140 270 1015 432 779 1147 888 755 578 845 18 408 1188 9 441 938 655 250 359 641 837 93 375 736 62 1126 620 311 324 928 714 1197 633 471 927 912 700 890 684 217 191 455 1097 840 551 77 823 353 43 212 692 846 719 303 874 501 1120 1030 617 545 1075 810 954 53 1007 1099 413 180 671 267 463 491 920 1083 674 849 42 437 699 1098 476 259 940 921 133 988 129 16 538 880 126 57 219 487 835 355 201 288 1194 973 407 883 657 46 1077 948 317 442 306 521 725 227 774 107 286 229 1144 163 22 97 1192 626 525 1199 597 322 1095 318 585 965 274 978 715 860 518 459 1159 555 94 645 887 1009 224 1054 717 190 134 120 780 697 514 458 87 25 624 468 734 974 1019 1049 477 32 1070 345 592 341 1122 1193 292 513 820 266 
exact_result:76654540  是否排列1 ax=1200  bx=63631  cx=297340  obj=76654540
 ax上界求解时间：20.141000 上界花费时间：20.250000
 ax下界求解时间：15.999000 下界花费时间：16.109000 
bx上界求解时间：19.156000 上界花费时间：19.250000
 bx下界求解时间：17.890000 下界花费时间：18.000000 
模型总求解时间：131.547000  模型求解时间：49.813000 axbx上下届时间：79.562000 结果是否最优:y
***********
Minimum Execution Time:131.547000
Maximum Execution Time:131.547000
Average Execution Time:131.547000
