Clique table members: 3378.
MIP emphasis: balance optimality and feasibility.
MIP search method: dynamic search.
Parallel mode: deterministic, using up to 6 threads.
Root relaxation solution time = 48.95 sec. (23289.25 ticks)

        Nodes                                         Cuts/
   Node  Left     Objective  IInf  Best Integer    Best Bound    ItCnt     Gap

      0     0  1.02332e+008     7                1.02332e+008       25         
      0     0  1.02340e+008   181                  MIRcuts: 1      233         
      0     0  1.02341e+008   225                  MIRcuts: 1      316         
      0     0  1.02341e+008   336                  MIRcuts: 1      380         
Heuristic still looking.
      0     2  1.02341e+008   336                1.02341e+008      380         
Elapsed time = 254.25 sec. (179386.68 ticks, tree = 0.01 MB, solutions = 0)
      1     3  1.02341e+008   347                1.02341e+008      411         
      2     4  1.02341e+008   345                1.02341e+008      434         
      3     5  1.02341e+008   351                1.02341e+008      446         
      4     6  1.02341e+008   335                1.02341e+008      456         
      5     7  1.02341e+008   287                1.02341e+008      473         
      6     8  1.02341e+008   325                1.02341e+008      506         
      7     9  1.02341e+008   265                1.02341e+008      520         
      8    10  1.02341e+008   300                1.02341e+008      527         
      9    11  1.02341e+008   257                1.02341e+008      545         
     10    12  1.02342e+008   295                1.02341e+008      568         
Elapsed time = 474.53 sec. (451240.58 ticks, tree = 0.01 MB, solutions = 0)
     11    13  1.02341e+008   273                1.02341e+008      575         
     13    15  1.02341e+008   285                1.02341e+008      607         
     14    16  1.02341e+008   279                1.02341e+008      664         
     15    17  1.02341e+008   347                1.02341e+008      671         
     16    18  1.02342e+008   295                1.02341e+008      695         
     17    19  1.02341e+008   270                1.02341e+008      705         
     18    20  1.03391e+008     7                1.02341e+008     5645         
     19    21  1.02341e+008   227                1.02341e+008     5656         
     20    22  1.02342e+008   206                1.02341e+008     5689         
     21    23  1.03391e+008     7                1.02341e+008    11029         
Elapsed time = 606.01 sec. (565440.13 ticks, tree = 0.01 MB, solutions = 0)
     22    24  1.02342e+008   304                1.02341e+008    11071         
     23    25  1.02341e+008   319                1.02341e+008    11089         
     25    27  1.03433e+008     7                1.02341e+008    16478         
     26    28  1.03408e+008     7                1.02341e+008    21963         
     28    30  1.02342e+008   223                1.02341e+008    21976         
     29    31  1.03424e+008     7                1.02341e+008    27312         
     30    32  1.03423e+008    12                1.02341e+008    27328         
     31    33  1.03424e+008    13                1.02341e+008    27339         
     32    34  1.03449e+008     7                1.02341e+008    32493         
     33    35  1.03424e+008    12                1.02341e+008    32497         
Elapsed time = 713.61 sec. (571024.13 ticks, tree = 0.01 MB, solutions = 0)
     37    39  1.03424e+008     2                1.02341e+008    32510         
     38    40  1.03424e+008     2                1.02341e+008    32511         
     39    41  1.03424e+008     2                1.02341e+008    32512         
     40    42  1.03547e+008     6                1.02341e+008    32517         
     41    43  1.03490e+008     6                1.02341e+008    32522         
     42    44  1.03423e+008    11                1.02341e+008    32523         
     43    45  1.03499e+008     6                1.02341e+008    32528         
     44    46  1.03441e+008     6                1.02341e+008    32533         
     45    47  1.04104e+008     2                1.02341e+008    35701         
     46    48  1.03547e+008    13                1.02341e+008    35712         
Elapsed time = 804.17 sec. (641464.59 ticks, tree = 0.01 MB, solutions = 0)
     51    53  1.04104e+008     2                1.02341e+008    35759         
     58    60  1.03490e+008    11                1.02341e+008    35784         
     62    64  1.03547e+008    10                1.02341e+008    35797         
     63    65  1.03490e+008    10                1.02341e+008    35801         
     64    66  1.03423e+008     7                1.02341e+008    35803         
     67    69  1.03547e+008     9                1.02341e+008    35813         
     68    70  1.03490e+008     9                1.02341e+008    35817         
     69    71  1.03423e+008     6                1.02341e+008    35818         
     72    74  1.03547e+008     8                1.02341e+008    35825         
     73    75  1.03490e+008     8                1.02341e+008    35826         
Elapsed time = 897.97 sec. (680910.81 ticks, tree = 0.01 MB, solutions = 0)
     98   100  1.04104e+008    64                1.02341e+008    39208         
    101   103  1.04252e+008    82                1.02341e+008    42193         
    104   106  1.04179e+008   112                1.02341e+008    45223         
    105   107  1.04105e+008    74                1.02341e+008    48163         
    106   108  1.04252e+008    28                1.02341e+008    48190         
    107   109  1.03490e+008     7                1.02341e+008    48191         
    108   110  1.04104e+008    98                1.02341e+008    48244         
    109   111  1.04179e+008    96                1.02341e+008    48269         
    110   112  1.04105e+008    72                1.02341e+008    48301         
    111   113  1.04104e+008     2                1.02341e+008    48302         
Elapsed time = 1074.47 sec. (728449.81 ticks, tree = 0.01 MB, solutions = 0)
    112   114  1.04252e+008    28                1.02341e+008    48303         
    113   115  1.03490e+008     6                1.02341e+008    48304         
    114   116  1.04179e+008   118                1.02341e+008    48306         
    115   117  1.04105e+008   148                1.02341e+008    48335         
    116   118  1.04104e+008     2                1.02341e+008    48336         
    117   119  1.04252e+008    28                1.02341e+008    48337         
    118   120  1.03490e+008     5                1.02341e+008    48338         
    119   121  1.04179e+008    28                1.02341e+008    48438         
    120   122  1.04104e+008     2                1.02341e+008    48439         
    121   123  1.04252e+008    28                1.02341e+008    48440         
Elapsed time = 1091.16 sec. (769060.68 ticks, tree = 0.01 MB, solutions = 0)
    124   126  1.04252e+008    28                1.02341e+008    48446         
    127   129  1.04252e+008    28                1.02341e+008    48449         
    130   132  1.04252e+008     2                1.02341e+008    48452         
    131   133  1.04178e+008    94                1.02341e+008    51405         
    133   135  1.04252e+008    28                1.02341e+008    51472         
*   139   124      integral     0  1.04104e+008  1.02341e+008    51478    1.69%
    140   125  1.02341e+008   253  1.04104e+008  1.02341e+008    51493    1.69%
    141   126  1.03490e+008     9  1.04104e+008  1.02341e+008    56691    1.69%
    142    95  1.02342e+008   325  1.04104e+008  1.02341e+008    56721    1.69%
    143    96  1.02341e+008   361  1.04104e+008  1.02341e+008    56739    1.69%
Elapsed time = 1123.97 sec. (846421.37 ticks, tree = 0.01 MB, solutions = 1)
    145    98  1.02341e+008   295  1.04104e+008  1.02341e+008    56810    1.69%
    148    97  1.03360e+008     1  1.04104e+008  1.02341e+008    62082    1.69%
    149    98  1.03362e+008     1  1.04104e+008  1.02341e+008    67469    1.69%
    150    99  1.03426e+008    10  1.04104e+008  1.02341e+008    72808    1.69%
    151   100  1.03437e+008    10  1.04104e+008  1.02341e+008    78151    1.69%
    154   103  1.03360e+008     1  1.04104e+008  1.02341e+008    78205    1.69%
    155   102        cutoff        1.04104e+008  1.02341e+008    78230    1.69%
    156   103  1.03439e+008    10  1.04104e+008  1.02341e+008    83499    1.69%
*   157+   96                      1.03497e+008  1.02341e+008             1.12%
    158    99  1.03360e+008     1  1.03497e+008  1.02341e+008    83558    1.12%
    159   100  1.03426e+008    11  1.03497e+008  1.02341e+008    83569    1.12%
Elapsed time = 1250.59 sec. (889633.43 ticks, tree = 0.01 MB, solutions = 1)
    161   101  1.03360e+008     1  1.03497e+008  1.02341e+008    83596    1.12%
    162   102  1.03429e+008    33  1.03497e+008  1.02341e+008    83660    1.12%
    164   102        cutoff        1.03497e+008  1.02341e+008    83664    1.12%
    165   103  1.03426e+008     7  1.03497e+008  1.02341e+008    83670    1.12%
    167   104  1.03360e+008     1  1.03497e+008  1.02341e+008    83701    1.12%
    168   105  1.03426e+008    11  1.03497e+008  1.02341e+008    83708    1.12%
    170   105  1.03360e+008     1  1.03497e+008  1.02341e+008    83721    1.12%
    172   105  1.03360e+008     1  1.03497e+008  1.02341e+008    83722    1.12%
    173   106  1.03490e+008    10  1.03497e+008  1.02341e+008    89259    1.12%
    174   107  1.03360e+008     1  1.03497e+008  1.02341e+008    89260    1.12%
Elapsed time = 1250.59 sec. (897798.59 ticks, tree = 0.01 MB, solutions = 1)
    175    81  1.03360e+008     1  1.03497e+008  1.02341e+008    89261    1.12%
    176    82  1.03362e+008     1  1.03497e+008  1.02341e+008    89262    1.12%
    177    83  1.03426e+008    16  1.03497e+008  1.02341e+008    89273    1.12%
    178    84  1.03437e+008    11  1.03497e+008  1.02341e+008    89275    1.12%
    179    83        cutoff        1.03497e+008  1.02341e+008    89280    1.12%
    180    84  1.03490e+008    11  1.03497e+008  1.02341e+008    89290    1.12%
    181    85  1.03360e+008     1  1.03497e+008  1.02341e+008    89291    1.12%
    182    86  1.03362e+008     1  1.03497e+008  1.02341e+008    89292    1.12%
    183    87  1.03427e+008    14  1.03497e+008  1.02341e+008    89301    1.12%
    184    88  1.03438e+008     7  1.03497e+008  1.02341e+008    89308    1.12%
Elapsed time = 1258.63 sec. (913950.92 ticks, tree = 0.01 MB, solutions = 2)
    187    91  1.03398e+008   165  1.03497e+008  1.02341e+008    89483    1.12%
    193    95        cutoff        1.03497e+008  1.02341e+008    89509    1.12%
    199   101  1.03360e+008     1  1.03497e+008  1.02341e+008    89555    1.12%
*   205    92      integral     0  1.03360e+008  1.02341e+008    89576    0.99%
    205    91  1.03360e+008     0  1.03360e+008  1.02341e+008    89576    0.99%
    211    93    infeasible        1.03360e+008  1.02341e+008    89623    0.99%
    214    78  1.03446e+008    98  1.03360e+008  1.02341e+008    89703    0.99%
    217    79        cutoff        1.03360e+008  1.02341e+008    94378    0.99%
    220    78  1.03439e+008    19  1.03360e+008  1.02341e+008    94388    0.99%
    221    79  1.03454e+008   128  1.03360e+008  1.02341e+008    94431    0.99%
    225    77  1.03440e+008    14  1.03360e+008  1.02341e+008    94436    0.99%
Elapsed time = 1330.73 sec. (922912.19 ticks, tree = 0.01 MB, solutions = 2)
    236    76  1.03361e+008    72  1.03360e+008  1.02341e+008    94563    0.99%
    240    59 -1.00000e+075     0  1.03360e+008  1.02341e+008    94571    0.99%
    240    59  1.03361e+008     0  1.03360e+008  1.02341e+008    94571    0.99%
    247    54  1.03363e+008   165  1.03360e+008  1.02341e+008    94669    0.99%
    248    55  1.03486e+008    11  1.03360e+008  1.02341e+008    99884    0.99%
    250    54  1.03363e+008   165  1.03360e+008  1.02341e+008    99889    0.99%
    251    55  1.03488e+008    14  1.03360e+008  1.02341e+008    99933    0.99%
    253    55  1.03363e+008   165  1.03360e+008  1.02341e+008    99934    0.99%
    254    56  1.03491e+008    22  1.03360e+008  1.02341e+008    99976    0.99%
    256    56  1.03363e+008   165  1.03360e+008  1.02341e+008    99977    0.99%
    257    57  1.03493e+008    18  1.03360e+008  1.02341e+008    99996    0.99%
Elapsed time = 1335.44 sec. (978500.72 ticks, tree = 0.01 MB, solutions = 2)
    291    76  1.03425e+008    13  1.03360e+008  1.02341e+008   100610    0.99%
    292    77  1.03365e+008    81  1.03360e+008  1.02341e+008   100619    0.99%
    293    76        cutoff        1.03360e+008  1.02341e+008   100631    0.99%
    294    77  1.03365e+008    49  1.03360e+008  1.02341e+008   100661    0.99%
    295    78  1.03427e+008    22  1.03360e+008  1.02341e+008   100699    0.99%
    296    79  1.03365e+008    85  1.03360e+008  1.02341e+008   100703    0.99%
    297    80  1.03427e+008    19  1.03360e+008  1.02341e+008   100704    0.99%
    298    81  1.03365e+008   129  1.03360e+008  1.02341e+008   100715    0.99%
    299    82  1.03427e+008    16  1.03360e+008  1.02341e+008   100723    0.99%
    300    83  1.03366e+008    87  1.03360e+008  1.02341e+008   100738    0.99%
Elapsed time = 1373.91 sec. (989315.74 ticks, tree = 0.01 MB, solutions = 2)
    308    91  1.03366e+008   153  1.03360e+008  1.02341e+008   100905    0.99%
    310    93  1.03366e+008   127  1.03360e+008  1.02341e+008   100929    0.99%
    312    95  1.03366e+008   155  1.03360e+008  1.02341e+008   100939    0.99%
    313    96  1.03482e+008   124  1.03360e+008  1.02341e+008   101263    0.99%
    314    97  1.03366e+008   133  1.03360e+008  1.02341e+008   101298    0.99%
    315    98  1.03482e+008    64  1.03360e+008  1.02341e+008   101328    0.99%
    316    99  1.03366e+008    97  1.03360e+008  1.02341e+008   101334    0.99%
    317   100  1.03482e+008    62  1.03360e+008  1.02341e+008   101451    0.99%

Mixed integer rounding cuts applied:  3

Root node processing (before b&c):
  Real time             =  248.69 sec. (177354.86 ticks)
Parallel b&c, 6 threads:
  Real time             = 1126.50 sec. (823827.67 ticks)
  Sync time (average)   =  328.47 sec.
  Wait time (average)   =  328.94 sec.
                          ------------
Total (root+branch&cut) = 1375.19 sec. (1001182.53 ticks)
