best_sol:3 4 127 128 21 146 61 137 74 62 26 80 106 2 107 147 164 79 165 184 6 197 87 27 33 153 150 53 28 99 42 93 191 198 141 189 122 59 41 116 55 142 45 84 154 98 151 57 13 186 105 167 78 143 32 101 47 30 152 136 179 192 183 117 82 174 140 0 37 149 138 176 168 75 118 17 160 56 29 95 134 20 119 130 43 19 175 115 158 96 73 199 195 161 188 52 10 144 159 1 49 69 77 100 103 92 94 63 196 24 190 23 22 39 109 110 5 155 70 124 173 177 125 72 66 51 132 129 38 89 180 156 171 185 126 15 187 120 68 81 182 133 163 44 85 121 11 8 34 25 193 194 36 9 50 90 54 170 83 97 76 113 58 123 166 60 112 16 145 162 67 48 31 46 40 104 131 91 86 181 157 172 102 178 148 18 64 139 7 108 35 169 14 71 65 88 111 135 12 114 
exact_result:2970797  是否排列1 ax=214  bx=13649  cx=49911  obj=2970797
 ax上界求解时间：0.230000 上界花费时间：0.235000
 ax下界求解时间：0.234000 下界花费时间：0.239000 
bx上界求解时间：0.229000 上界花费时间：0.233000
 bx下界求解时间：0.299000 下界花费时间：0.304000 
模型总求解时间：3.090000  模型求解时间：1.897000 axbx上下届时间：1.142000 结果是否最优:y
***********
Minimum Execution Time:3.090000
Maximum Execution Time:3.090000
Average Execution Time:3.090000
