best_sol:551 888 602 992 228 825 649 833 365 98 832 234 920 174 568 411 153 359 866 17 627 909 732 205 890 529 588 387 737 135 394 67 698 647 197 686 721 601 744 88 706 983 245 116 606 887 844 517 664 621 747 278 951 533 457 942 558 539 765 331 235 179 486 591 783 818 299 349 851 882 569 830 161 456 185 879 38 810 943 707 428 527 812 752 809 31 821 656 919 829 301 792 741 442 157 653 436 965 549 974 544 208 91 448 82 619 677 768 460 432 124 868 523 435 780 971 300 209 312 330 513 367 75 560 972 675 545 991 498 891 193 505 192 835 43 42 142 657 410 709 194 341 339 511 819 986 53 918 794 377 598 232 536 581 618 925 59 393 386 16 652 640 360 317 770 390 444 932 344 71 703 213 454 37 188 814 126 734 33 501 680 743 160 998 894 74 363 63 295 51 975 662 699 404 219 104 994 470 540 264 751 889 714 850 397 175 140 906 455 167 927 84 148 987 133 127 214 784 566 173 886 916 78 144 100 845 109 97 842 94 914 976 108 358 512 546 18 425 769 420 579 735 948 244 412 881 398 826 12 661 4 984 102 3 820 441 506 187 684 959 283 117 253 494 590 663 724 259 738 321 168 156 316 482 172 648 786 603 305 808 401 824 287 643 220 250 977 917 247 347 446 266 902 463 306 471 176 633 565 122 248 239 426 269 83 260 400 302 596 739 858 326 793 979 922 405 953 113 163 958 252 813 478 92 859 944 950 954 371 798 332 196 921 139 849 966 13 19 928 896 311 665 342 216 69 310 704 608 990 496 199 500 335 143 910 838 839 465 224 171 495 271 476 604 674 334 477 202 930 717 201 58 726 384 578 695 370 696 151 110 183 376 445 660 154 789 356 508 605 86 931 1 402 395 774 44 484 823 350 615 503 712 225 801 212 361 28 855 754 947 372 895 6 25 782 438 231 691 970 132 753 623 811 230 343 552 553 141 616 240 532 892 856 607 336 215 389 55 571 617 383 391 759 630 748 507 39 515 904 146 434 593 528 638 417 14 694 466 863 112 573 345 861 797 650 685 655 296 138 165 671 521 989 955 198 728 491 32 700 940 40 177 857 562 134 382 762 348 678 995 848 537 760 80 807 720 816 911 329 893 355 50 564 474 583 659 713 45 5 933 258 467 379 369 864 381 567 978 24 325 473 493 996 318 227 256 609 320 667 182 926 354 740 418 522 773 286 688 380 70 265 745 756 620 815 711 26 237 443 907 388 257 952 23 702 785 255 120 636 613 472 479 99 746 399 654 639 514 791 461 542 625 520 427 368 960 468 162 22 485 981 982 729 915 222 624 490 873 897 874 634 682 95 626 423 276 610 612 114 263 378 20 416 883 137 322 195 980 282 186 128 870 592 73 483 125 72 878 763 550 93 218 392 572 77 62 64 766 563 594 254 722 290 294 957 236 570 577 559 847 758 333 903 338 755 875 164 422 658 159 30 557 189 843 669 65 956 767 775 865 750 480 934 107 304 314 837 828 541 452 261 764 534 291 288 492 34 415 822 841 152 969 430 666 272 719 447 637 223 241 450 877 52 27 170 912 516 374 292 285 147 556 346 403 246 716 279 357 313 9 89 575 554 961 941 2 846 340 242 781 131 757 988 315 429 679 488 777 681 421 96 692 802 673 963 742 267 29 778 853 85 60 48 876 327 323 118 66 353 834 697 68 945 576 433 796 672 690 787 409 730 561 644 36 622 7 226 806 119 149 538 710 207 407 481 277 936 268 574 190 827 817 779 487 87 645 103 49 788 21 804 408 489 880 385 547 229 217 35 123 867 862 191 308 555 150 518 531 419 535 106 184 872 580 57 871 293 687 8 221 262 923 280 251 275 46 693 459 181 101 303 166 938 366 352 999 631 641 273 364 715 324 831 524 589 105 967 997 462 725 464 211 968 497 964 431 249 204 869 646 238 723 614 805 973 924 375 158 289 233 629 504 270 11 328 526 297 41 962 509 600 651 642 437 129 136 985 362 56 475 499 803 597 243 836 440 852 298 15 309 628 727 307 510 908 718 284 458 469 203 905 860 731 946 799 111 668 935 210 406 453 351 337 993 795 47 884 840 169 586 373 937 61 115 689 885 200 949 733 595 708 749 772 79 451 632 800 611 670 771 76 130 701 439 599 206 790 676 582 776 274 180 900 898 54 548 414 502 683 449 899 396 584 761 424 81 929 281 519 155 10 705 585 413 736 0 319 854 178 530 145 913 635 587 939 525 901 90 543 121 
exact_result:53914846  是否排列1 ax=1000  bx=53669  cx=245846  obj=53914846
 ax上界求解时间：12.375000 上界花费时间：12.454000
 ax下界求解时间：10.625000 下界花费时间：10.687000 
bx上界求解时间：11.813000 上界花费时间：11.875000
 bx下界求解时间：11.938000 下界花费时间：12.000000 
模型总求解时间：88.390000  模型求解时间：35.984000 axbx上下届时间：50.969000 结果是否最优:y
***********
Minimum Execution Time:88.390000
Maximum Execution Time:88.390000
Average Execution Time:88.390000
