best_sol:131 718 426 685 36 739 246 469 388 471 445 581 302 452 293 331 11 78 762 51 760 630 686 652 505 200 113 501 321 139 664 54 381 159 218 419 457 49 253 222 355 602 87 399 6 135 375 734 425 294 589 481 368 706 74 797 588 600 504 537 386 371 280 787 184 473 715 796 632 67 410 306 496 178 364 717 421 341 759 450 380 62 418 19 609 446 516 103 440 81 447 260 578 97 565 350 714 455 668 513 16 151 770 244 647 37 211 596 549 554 29 310 45 582 721 63 720 379 121 262 658 467 376 523 407 586 644 339 514 620 559 43 776 667 626 377 330 679 415 393 231 441 696 18 367 64 637 199 214 625 701 567 111 524 265 631 489 25 33 635 143 287 591 751 50 91 174 660 583 5 534 216 84 277 665 561 693 296 403 405 195 221 232 69 185 98 711 604 657 32 769 141 165 460 727 106 689 642 558 257 256 522 156 243 788 360 594 269 95 158 556 573 126 96 639 197 690 692 543 315 401 571 574 319 702 528 612 372 354 70 192 369 219 610 132 378 161 490 295 347 278 499 619 654 428 168 723 765 201 343 7 704 162 289 747 311 729 77 416 198 358 454 613 169 167 458 782 254 474 346 414 160 789 486 562 757 488 323 761 108 777 443 646 775 614 741 502 431 577 466 117 390 58 498 698 342 261 409 576 603 194 370 640 38 484 27 263 599 14 85 456 334 266 517 305 785 793 749 193 114 202 290 164 56 750 352 491 468 142 624 308 122 672 677 520 332 434 344 564 794 110 412 357 404 448 34 145 675 73 699 638 480 23 292 205 798 373 781 297 745 546 94 241 438 325 758 215 755 611 207 726 579 102 722 157 731 563 337 482 153 592 235 650 712 100 545 533 503 374 542 651 743 55 540 309 551 4 179 784 423 465 345 525 495 661 587 444 123 89 40 147 472 518 272 203 730 80 1 439 68 282 83 47 475 118 628 435 575 59 453 173 61 313 57 732 233 183 8 225 93 180 226 31 238 433 792 115 417 437 105 670 680 314 333 413 553 361 432 538 548 349 725 400 356 340 666 291 550 451 26 228 645 22 507 99 570 519 307 229 464 72 301 130 224 213 427 724 622 674 616 493 150 649 477 719 485 125 365 633 240 512 318 317 653 688 557 618 397 738 584 30 336 728 779 21 392 402 234 138 529 13 463 695 177 255 259 223 585 459 580 281 210 48 656 623 566 3 71 66 476 735 535 773 362 276 641 166 716 189 298 767 273 526 659 492 258 791 237 382 756 384 86 764 430 568 634 422 338 140 598 736 250 249 41 494 251 188 304 531 684 206 109 527 608 560 92 683 617 771 385 627 449 511 327 60 744 116 363 152 44 478 303 752 669 515 394 42 500 442 264 24 268 411 593 461 748 20 316 236 154 129 182 28 275 420 12 707 359 408 530 274 187 506 119 780 733 2 648 694 204 217 137 663 252 267 191 406 10 136 778 75 479 326 398 208 544 700 299 766 783 786 170 134 396 171 190 521 230 709 324 552 601 65 424 606 395 120 144 181 703 615 196 676 621 220 710 470 176 697 227 590 163 790 107 774 335 288 76 572 389 348 510 629 285 271 655 483 713 239 497 662 112 539 509 270 172 643 768 329 605 247 46 462 79 52 555 175 90 209 508 101 436 681 286 673 155 186 366 705 383 682 82 387 678 636 104 753 312 772 17 597 245 541 595 536 283 9 737 607 532 15 740 569 0 328 754 300 671 146 127 763 128 708 53 148 487 284 149 547 133 35 320 429 391 691 351 322 279 742 212 353 799 746 242 248 124 39 88 687 795 
exact_result:6420888  是否排列1 ax=800  bx=8002  cx=19288  obj=6420888
 ax上界求解时间：8.356000 上界花费时间：8.397000
 ax下界求解时间：6.796000 下界花费时间：6.841000 
bx上界求解时间：7.946000 上界花费时间：7.996000
 bx下界求解时间：6.439000 下界花费时间：6.485000 
模型总求解时间：75.692000  模型求解时间：42.505000 axbx上下届时间：32.252000 结果是否最优:y
***********
Minimum Execution Time:75.692000
Maximum Execution Time:75.692000
Average Execution Time:75.692000
