best_sol:151 181 69 269 309 185 68 226 389 330 113 377 49 220 280 247 94 156 41 33 373 159 54 15 104 36 83 1 313 183 22 154 271 385 365 6 361 58 62 125 168 381 268 16 363 328 200 7 25 219 245 116 88 358 60 257 293 4 340 97 117 384 312 164 153 67 261 30 286 63 118 107 82 131 304 53 375 300 273 197 165 215 262 20 331 39 352 229 57 42 297 31 380 123 222 233 112 198 84 345 90 303 145 189 119 61 59 239 323 162 270 357 0 298 241 169 129 43 339 228 109 187 147 124 223 160 178 299 91 17 315 166 177 347 325 206 362 232 249 242 265 14 244 320 89 318 395 266 77 209 102 254 301 349 360 150 319 355 329 203 106 210 176 225 376 38 383 263 212 335 341 343 87 175 48 182 281 32 218 142 73 289 194 24 252 267 250 13 18 235 163 138 122 327 275 290 184 308 246 368 72 334 278 86 253 276 350 217 126 26 367 45 354 196 127 391 322 393 135 372 5 397 96 264 294 99 146 65 336 92 337 236 326 98 167 143 370 311 71 255 141 144 378 348 130 296 386 374 283 221 214 284 70 338 114 359 78 29 11 50 256 105 111 95 227 136 369 231 19 213 398 81 137 272 208 317 191 199 46 351 390 110 157 56 140 258 259 174 186 171 238 392 21 205 28 260 305 173 179 133 148 332 310 282 274 27 237 366 51 12 80 139 211 324 9 344 346 387 207 101 307 120 149 52 161 394 234 251 23 342 201 382 188 172 75 240 190 55 134 285 93 64 108 195 333 155 295 40 202 35 388 74 158 10 277 8 216 204 128 306 321 302 180 292 103 291 85 100 79 37 230 356 364 115 371 121 132 193 2 248 399 287 379 243 224 314 44 288 152 353 76 192 34 170 279 3 316 66 396 47 
exact_result:7351269  是否排列1 ax=1056  bx=6953  cx=8901  obj=7351269
 ax上界求解时间：1.469000 上界花费时间：1.469000
 ax下界求解时间：1.266000 下界花费时间：1.282000 
bx上界求解时间：1.531000 上界花费时间：1.546000
 bx下界求解时间：1.453000 下界花费时间：1.469000 
模型总求解时间：9.625000  模型求解时间：3.109000 axbx上下届时间：6.297000 
***********
Minimum Execution Time:9.625000
Maximum Execution Time:9.625000
Average Execution Time:9.625000
