best_sol:354 805 723 870 375 584 917 1170 995 945 737 651 104 16 408 549 432 257 513 946 33 770 792 1038 126 417 1135 1172 962 1189 237 510 543 200 250 719 715 1124 817 484 428 504 268 722 712 249 526 456 898 835 161 359 1076 536 814 155 757 689 1091 668 544 350 550 685 1082 824 420 99 444 568 972 885 829 756 224 964 1008 618 56 900 219 1173 306 120 1023 907 130 71 478 472 1176 671 524 1018 409 1085 684 990 136 673 598 522 1180 169 442 1016 236 138 895 799 865 937 150 923 158 1053 660 105 439 292 523 122 1190 430 477 384 416 919 954 462 1044 789 468 118 448 255 1163 933 687 720 242 93 730 344 193 174 753 108 1195 437 124 458 1167 1077 481 1035 1014 163 823 578 897 638 899 942 154 987 464 1106 755 634 203 762 360 952 431 209 241 982 322 415 656 264 340 576 1156 140 314 62 184 891 881 1154 457 615 709 63 265 705 1059 528 26 379 968 848 403 795 565 786 560 410 106 374 372 498 495 754 575 41 88 443 943 844 227 681 312 214 304 483 349 739 321 208 830 797 429 572 931 1088 597 1160 515 1121 380 842 1147 695 266 206 137 289 807 788 765 880 114 692 751 347 494 555 992 587 1171 438 191 58 637 177 616 371 365 1185 117 1084 663 144 1177 367 837 566 272 1075 607 600 886 414 731 412 798 229 361 1142 601 1162 263 539 696 778 631 413 331 843 1050 665 76 1192 103 960 547 855 1143 813 1063 489 711 450 291 851 330 207 920 1188 924 1174 146 476 1058 31 238 283 294 588 482 1112 980 419 893 172 1179 423 557 21 159 564 1071 605 445 725 551 862 741 747 534 1034 129 313 606 599 1132 98 816 387 872 969 659 1145 1126 153 1158 1087 834 400 620 975 635 40 401 908 502 42 1027 902 308 777 930 231 501 949 808 781 328 875 647 580 1165 352 774 683 1166 826 119 1123 348 46 771 43 9 1041 201 585 285 1060 772 295 858 1152 80 1114 701 1103 508 520 820 368 311 486 746 388 974 278 115 1036 1046 32 14 151 608 876 455 769 8 951 259 1001 173 87 493 47 849 300 1184 446 221 127 971 86 52 727 922 395 315 232 1104 73 775 459 782 699 406 1133 273 1086 427 1022 1002 818 1069 1140 666 338 926 280 766 577 1113 1047 356 509 783 989 527 351 111 591 327 373 363 343 53 353 469 698 5 1033 1020 299 189 540 677 654 1 553 1098 24 30 928 1108 956 434 1159 887 393 121 693 624 630 812 1042 128 279 976 506 1011 1005 583 269 1168 377 1024 260 179 959 85 643 1198 97 571 185 217 96 157 905 556 474 997 102 658 418 567 389 545 745 270 69 470 614 1169 884 713 199 1128 1072 160 674 1183 1105 664 636 290 1003 319 440 542 1194 869 586 896 773 694 397 879 465 89 399 927 276 852 284 212 34 733 909 190 497 1040 156 205 649 621 225 521 996 366 243 979 447 800 836 878 449 841 825 425 424 326 787 1030 1081 832 994 125 386 110 222 791 492 1193 101 166 1100 233 514 1065 1187 965 596 1109 37 402 392 667 864 59 411 918 247 167 240 195 342 735 686 1164 554 213 929 1125 307 75 246 336 963 1010 196 998 335 546 559 744 986 1057 626 669 552 210 22 874 44 1043 877 7 512 861 993 1062 914 1019 25 3 530 882 890 320 1015 79 1078 999 780 370 202 1137 1102 72 955 991 149 1117 396 589 274 645 176 20 604 491 297 790 537 471 957 324 558 815 107 985 932 833 785 1119 675 938 1066 369 362 78 92 133 532 168 6 490 1182 141 1074 488 1089 1021 641 1127 538 1061 192 679 2 610 256 230 1150 1049 223 642 254 404 1007 984 275 186 563 83 391 218 1134 112 1056 316 12 763 1045 346 131 811 1149 1028 822 1155 10 625 1025 503 726 1191 646 680 804 831 574 220 760 657 339 768 132 463 383 702 1054 529 531 355 888 288 570 182 1099 162 845 1144 819 682 716 840 216 894 863 1118 188 239 1096 135 809 77 941 632 535 652 38 18 676 853 883 1148 541 1129 582 889 0 113 1178 1006 708 226 65 1197 466 485 452 286 1094 939 611 519 467 332 622 293 17 966 175 776 81 752 1080 1000 627 451 732 613 912 70 1199 1122 562 761 1039 740 1017 382 187 629 211 13 318 533 518 215 334 66 180 433 282 1186 364 385 988 473 301 650 505 67 944 704 91 796 325 1120 921 978 500 581 973 358 714 1048 1175 49 717 640 609 764 39 152 561 854 1031 323 913 390 648 612 48 729 738 248 936 779 953 803 595 602 707 802 475 628 1111 911 4 623 345 857 743 27 381 691 296 1013 690 100 1037 1139 871 460 357 36 977 305 148 496 901 672 253 109 1083 407 958 461 57 262 234 734 794 235 860 1141 934 258 164 277 633 724 405 303 653 29 892 1026 337 718 422 45 688 916 147 60 925 511 838 453 967 873 678 145 670 1181 784 662 271 1029 821 1068 139 1151 1131 244 287 839 228 639 1161 142 1064 441 116 706 181 1138 378 329 426 850 517 1136 903 661 593 61 859 700 1153 856 134 906 74 479 1157 11 1067 51 165 178 94 592 267 594 801 548 1093 302 721 828 251 619 915 1055 194 961 183 480 617 590 376 90 742 1004 697 749 198 703 252 197 525 1107 1052 1130 333 1012 123 499 579 171 64 569 1073 68 573 847 317 748 82 281 310 603 55 54 1196 204 948 394 1097 1090 710 866 143 245 904 793 867 983 758 28 728 940 644 767 35 436 50 261 1079 95 1092 398 1101 170 759 736 1115 1146 935 19 950 981 910 947 846 1116 1009 1095 84 1051 341 309 1110 1032 421 516 23 970 15 487 750 827 868 435 655 454 507 298 1070 806 810 
exact_result:69420382  是否排列1 ax=3314  bx=20940  cx=25222  obj=69420382
 ax上界求解时间：23.110000 上界花费时间：23.219000
 ax下界求解时间：19.390000 下界花费时间：19.484000 
bx上界求解时间：23.172000 上界花费时间：23.281000
 bx下界求解时间：23.531000 下界花费时间：23.640000 
模型总求解时间：180.547000  模型求解时间：82.828000 axbx上下届时间：95.547000 
***********
Minimum Execution Time:180.547000
Maximum Execution Time:180.547000
Average Execution Time:180.547000
