best_sol:53 330 189 327 267 284 173 20 75 227 105 135 549 547 42 282 120 264 10 408 175 153 206 586 578 233 456 497 288 501 484 584 304 493 357 356 490 337 424 244 49 167 374 34 28 556 151 534 475 24 138 591 63 278 280 334 596 123 84 513 553 579 311 339 181 127 567 450 184 346 171 238 329 204 577 111 564 198 225 350 106 306 248 261 335 128 52 449 208 142 122 477 281 192 519 67 131 3 394 73 545 367 33 276 425 492 119 85 328 540 22 454 96 571 82 338 342 482 144 77 301 168 372 363 44 228 353 265 522 80 312 459 516 551 576 465 26 134 266 318 542 533 121 418 428 187 486 388 139 51 186 316 525 554 299 541 495 488 14 272 253 166 402 446 209 506 254 107 239 81 70 39 389 538 552 476 183 583 455 440 216 219 415 510 323 62 74 322 69 220 17 310 336 349 588 313 435 140 333 194 392 197 562 8 113 95 382 292 25 88 155 581 2 226 205 72 245 92 573 390 431 396 544 469 137 524 434 78 114 218 300 86 546 174 110 570 215 537 295 293 11 347 268 587 397 271 345 13 370 91 411 190 325 158 99 30 191 76 229 480 470 250 287 202 400 0 430 234 472 559 324 177 535 483 351 461 317 395 235 423 406 511 438 528 294 505 593 21 569 305 249 45 296 97 371 23 491 263 165 598 214 557 277 439 182 592 531 59 568 352 308 595 12 188 517 364 452 170 243 555 381 375 100 478 90 496 460 548 448 236 213 437 161 148 414 54 373 61 7 512 94 509 502 362 419 29 133 433 355 503 320 298 315 146 410 561 319 46 115 523 129 366 527 193 126 18 348 66 147 291 529 580 38 6 143 575 498 594 369 246 156 41 290 149 499 237 520 56 360 242 9 539 398 358 286 565 256 180 543 463 283 103 403 210 48 241 259 471 101 163 384 589 468 125 145 504 162 1 65 515 279 178 572 343 421 365 427 297 341 387 391 489 368 404 19 344 231 574 307 413 257 247 179 443 550 442 399 258 269 361 380 487 27 262 102 251 518 104 332 160 383 132 285 481 252 508 393 212 479 590 303 164 467 340 560 15 240 331 83 32 274 447 422 232 195 150 530 176 37 172 314 405 141 60 50 302 526 200 159 118 412 203 89 432 87 566 441 597 4 445 457 217 222 71 444 64 536 354 321 558 43 136 436 385 55 379 451 514 211 223 112 169 255 378 563 224 199 377 401 289 58 152 473 270 230 507 157 273 68 485 521 386 376 260 359 196 409 5 221 207 464 466 124 108 453 98 416 420 16 47 474 462 93 326 407 116 154 275 109 117 599 201 36 417 130 309 79 585 458 57 40 582 532 426 494 429 35 500 185 31 
exact_result:16895183  是否排列1 ax=1616  bx=10447  cx=12831  obj=16895183
 ax上界求解时间：3.875000 上界花费时间：3.906000
 ax下界求解时间：3.656000 下界花费时间：3.687000 
bx上界求解时间：3.860000 上界花费时间：3.875000
 bx下界求解时间：4.453000 下界花费时间：4.468000 
模型总求解时间：44.016000  模型求解时间：26.266000 axbx上下届时间：17.250000 
***********
Minimum Execution Time:44.016000
Maximum Execution Time:44.016000
Average Execution Time:44.016000
