best_sol:308 958 581 798 18 512 384 544 260 579 499 126 879 399 261 397 197 400 595 28 955 941 436 832 362 67 17 874 728 332 545 665 53 720 811 990 153 799 821 692 884 999 882 449 838 974 962 314 833 520 827 490 291 649 458 881 232 73 910 691 568 51 419 380 797 805 432 44 32 480 424 211 681 196 485 311 558 313 46 300 671 269 644 786 109 495 934 450 677 77 263 968 357 632 693 122 880 841 383 156 854 428 283 533 617 986 322 158 844 104 537 93 818 434 802 588 292 198 326 530 190 341 627 321 99 826 769 732 72 897 133 710 694 911 150 683 68 453 423 580 484 487 420 350 664 856 278 685 264 625 706 289 456 932 994 497 793 390 609 714 929 682 917 398 567 201 946 916 565 192 457 360 546 975 942 824 599 872 237 243 361 16 924 70 591 280 689 573 442 987 207 743 982 223 414 478 729 951 561 823 172 918 335 782 907 931 471 455 148 87 309 791 437 14 751 236 446 136 559 226 375 443 676 186 371 22 969 717 637 385 42 850 988 112 900 623 869 855 670 963 922 857 433 125 785 288 199 448 736 187 978 795 274 358 600 219 724 161 622 427 620 281 745 633 875 382 713 810 257 1 401 612 605 111 396 960 162 572 340 142 853 388 13 290 195 406 79 369 413 936 330 440 652 788 120 149 511 224 983 373 629 114 19 421 925 23 415 339 998 270 835 438 542 233 225 266 52 435 674 820 164 470 305 295 860 107 944 812 529 320 247 249 842 722 928 180 656 909 690 160 88 507 171 787 325 526 643 467 593 991 972 12 742 7 347 630 94 522 551 952 353 614 914 307 379 550 840 205 409 707 135 517 119 868 230 870 238 702 583 817 168 858 989 712 284 639 55 651 429 242 731 628 402 956 254 165 483 452 474 780 445 760 141 293 272 47 271 71 469 177 376 777 101 333 65 510 891 132 784 189 416 516 949 758 607 555 753 377 95 251 660 302 770 157 229 124 659 553 979 468 24 351 807 63 577 355 96 500 636 597 965 915 103 502 571 422 41 908 494 621 831 725 718 775 62 726 193 767 425 541 310 287 412 540 730 576 547 789 675 604 653 848 349 74 973 752 331 993 26 514 318 574 603 259 64 66 393 253 155 899 154 324 504 319 967 509 444 143 34 213 961 481 394 304 343 214 294 191 794 806 466 106 36 903 61 139 152 248 954 92 804 658 535 992 744 35 923 356 859 523 145 771 342 655 564 765 461 774 75 814 715 137 839 738 687 131 513 672 170 822 887 182 246 118 594 921 515 741 327 980 739 482 539 938 862 144 273 657 282 892 721 86 845 217 405 631 115 447 3 85 847 709 178 69 285 750 905 105 40 531 426 130 756 378 462 430 828 6 803 873 920 10 363 441 183 902 255 759 719 345 407 618 354 611 276 772 912 552 159 80 615 646 663 352 754 746 582 894 768 346 549 749 323 566 885 830 867 764 221 299 661 268 940 560 473 202 695 635 521 871 315 506 200 297 596 83 179 584 0 697 334 48 825 698 708 277 374 203 904 234 15 81 90 985 102 727 121 491 505 997 590 56 312 5 8 167 733 381 498 943 634 151 641 901 359 781 598 306 686 228 948 239 410 279 479 606 129 587 877 204 861 194 837 575 613 127 796 348 389 181 666 866 31 933 953 222 734 50 188 392 82 569 486 701 146 570 123 586 275 995 863 116 418 773 647 501 851 408 876 212 451 645 368 9 206 836 216 403 460 737 945 98 488 964 740 528 2 76 896 800 489 524 971 519 25 703 883 778 589 808 128 865 235 669 316 711 696 38 650 970 220 518 244 464 957 43 763 673 370 163 338 258 984 813 534 39 365 527 386 492 208 366 959 843 262 21 538 166 755 563 252 562 472 20 465 864 89 783 286 227 640 735 49 700 592 699 966 927 33 296 59 431 78 387 790 705 895 757 108 175 624 937 30 231 265 668 110 619 496 113 301 557 846 809 91 134 329 184 926 138 662 454 626 395 463 503 878 210 117 886 554 642 176 638 585 411 852 680 761 476 60 543 525 256 367 766 532 97 898 648 344 493 889 616 245 54 688 815 776 816 893 601 935 906 241 303 337 404 169 215 913 602 792 981 372 556 477 37 667 140 977 950 174 267 250 173 45 608 610 747 57 364 459 779 100 849 29 240 218 439 475 704 947 723 548 147 84 829 930 976 684 27 536 11 417 4 748 508 185 654 762 298 679 336 328 996 58 939 819 834 209 678 919 391 716 890 578 801 888 317 
exact_result:1077290683  是否排列1 ax=16388  bx=65722  cx=238547  obj=1077290683
 ax上界求解时间：15.391000 上界花费时间：15.438000
 ax下界求解时间：11.500000 下界花费时间：11.563000 
bx上界求解时间：15.688000 上界花费时间：15.735000
 bx下界求解时间：12.891000 下界花费时间：12.953000 
模型总求解时间：99.594000  模型求解时间：38.500000 axbx上下届时间：59.641000 结果是否最优:y
***********
Minimum Execution Time:99.594000
Maximum Execution Time:99.594000
Average Execution Time:99.594000
