best_sol:1168 1003 37 1165 685 484 716 61 1166 603 596 492 1086 734 1029 756 397 399 190 980 696 72 1024 858 879 1178 783 396 132 600 920 788 1038 321 377 325 564 806 658 993 274 298 780 108 915 1046 627 360 764 891 823 1028 1045 814 464 859 307 419 231 500 1057 1109 30 599 513 869 253 999 40 941 482 450 555 65 1001 300 534 428 4 47 567 259 254 911 777 846 175 813 1055 358 161 1136 1064 1010 344 589 454 303 981 1053 818 1014 499 646 148 362 137 723 408 910 16 176 1074 165 771 388 380 213 947 936 152 167 1199 697 354 688 407 880 462 194 1176 958 751 916 467 976 815 799 1131 1116 914 1027 989 205 748 478 79 843 948 443 127 349 1190 518 480 689 364 45 607 93 848 570 14 420 827 1076 623 222 318 557 907 463 129 548 287 892 591 48 278 436 945 171 385 786 52 1186 1171 288 837 917 637 842 435 387 312 1067 423 469 1050 794 255 244 725 1019 434 199 248 787 1141 178 185 158 275 1124 361 622 215 881 1145 833 747 308 313 193 781 401 412 885 796 1160 83 372 742 662 588 13 310 1111 682 1037 373 1130 1040 578 988 1149 1140 824 367 812 1156 677 1021 560 125 683 120 598 983 35 542 1025 866 445 233 927 830 970 1018 495 1107 902 544 929 316 687 49 442 122 128 656 628 290 42 707 642 1125 10 293 667 593 773 572 291 207 347 894 836 951 89 353 768 514 779 847 640 271 9 378 717 119 1030 563 638 1127 583 968 612 1119 912 509 439 422 51 134 33 398 2 356 1051 1084 1191 74 720 633 141 1072 647 1075 456 1177 352 294 581 533 757 852 732 153 844 112 553 549 1129 755 753 895 219 512 502 770 792 1048 1022 184 979 268 1059 977 7 577 896 1100 284 797 965 715 1102 971 855 41 643 94 746 925 540 1068 110 126 350 700 831 887 150 919 730 12 147 986 987 791 870 317 272 173 913 826 228 718 202 234 73 116 793 453 1195 699 138 904 113 391 309 743 201 413 36 281 393 595 414 88 295 943 485 306 532 703 890 552 448 954 590 384 935 749 744 497 523 918 59 348 279 292 709 923 461 875 550 1115 133 839 525 1135 538 872 170 24 487 78 395 594 1094 507 727 809 739 104 139 490 62 157 1082 258 1121 286 29 17 5 257 224 724 1034 447 969 874 355 819 705 440 731 426 630 978 359 235 1006 798 403 273 210 160 241 95 655 515 719 145 1020 961 811 1047 543 1152 559 477 615 446 952 304 946 582 694 1012 164 949 521 323 86 1011 67 221 53 868 63 944 324 960 246 921 1071 315 1000 214 1110 1032 179 800 488 97 1108 825 498 877 774 81 230 702 681 767 1185 102 527 1091 22 198 1056 1112 605 251 400 1058 181 750 554 351 641 701 539 998 506 686 70 766 810 862 479 562 1187 330 972 861 1098 437 1013 669 1035 1189 11 1066 1179 31 733 417 1134 692 698 882 1169 886 901 146 370 691 675 311 23 648 18 619 302 92 405 476 851 845 368 342 46 652 801 460 537 545 888 1164 1132 328 1126 1113 96 206 331 571 425 903 883 1065 189 528 884 57 991 580 111 835 650 346 1118 644 151 957 1033 1004 216 363 338 58 584 934 239 365 327 142 1122 668 959 636 621 938 366 928 1052 1162 1078 505 465 889 695 575 909 155 535 249 992 899 966 726 220 299 631 27 187 409 105 828 1175 494 1128 217 431 66 664 679 19 404 301 357 269 209 1016 1184 661 738 237 457 626 195 1103 106 410 117 522 154 576 982 262 211 452 1161 676 60 937 856 15 752 1097 1123 597 1192 693 225 416 654 1088 1015 1138 616 493 1 3 1089 1137 149 569 1081 754 967 392 772 672 508 252 1105 28 1150 174 182 898 386 808 610 857 832 865 56 100 829 840 618 639 1172 776 547 123 900 84 629 296 376 227 950 778 604 1148 708 90 1143 763 1079 536 475 466 183 541 121 424 389 1104 803 382 267 585 32 670 68 319 897 735 238 511 472 706 519 841 613 546 785 289 285 873 775 432 1193 411 1060 375 663 659 64 1002 1083 973 561 769 520 962 80 531 501 374 985 186 1080 54 55 804 8 1023 441 1106 343 994 345 1054 758 192 878 1167 159 587 740 606 586 1197 1198 486 256 99 143 1144 617 741 25 429 471 333 728 50 558 162 69 710 568 85 390 270 240 451 997 1180 1073 1163 107 329 1173 624 614 1155 1007 282 1133 421 369 1182 905 297 908 984 245 1170 468 649 1153 678 1041 20 101 620 406 956 942 91 922 1117 455 75 263 926 196 82 1090 336 729 876 602 782 163 169 320 276 995 930 736 765 229 608 208 340 953 690 933 1096 371 651 551 6 166 444 114 0 483 996 481 381 242 489 955 473 524 671 964 118 805 335 1077 1036 759 760 838 1120 103 579 427 250 144 504 704 188 1092 38 459 418 680 1042 200 1147 247 26 34 1039 177 172 834 673 666 136 197 849 180 762 140 529 1043 737 722 807 266 77 1158 1008 684 784 339 204 433 449 277 1095 44 963 510 1026 573 470 458 261 850 109 893 871 1063 1183 1139 990 168 867 795 1062 802 940 337 761 721 1174 625 332 556 430 565 516 714 863 264 745 1146 76 854 816 232 243 1188 39 1142 236 43 711 517 226 611 115 394 1017 864 632 383 326 1069 674 438 218 1157 645 131 665 932 860 156 334 975 526 1196 790 712 191 592 341 71 1044 1031 1181 322 503 822 974 305 135 1099 1159 98 283 924 574 491 939 1085 474 21 212 314 124 789 203 1009 379 657 1061 1093 906 635 496 1070 280 1114 402 1194 853 820 634 713 821 1005 530 260 931 653 87 223 660 609 817 1101 265 601 1087 130 1151 566 1154 415 1049 
exact_result:1850990684  是否排列1 ax=22609  bx=81857  cx=285771  obj=1850990684
 ax上界求解时间：28.593000 上界花费时间：28.687000
 ax下界求解时间：17.359000 下界花费时间：17.437000 
bx上界求解时间：26.015000 上界花费时间：26.094000
 bx下界求解时间：17.906000 下界花费时间：17.984000 
模型总求解时间：156.734000  模型求解时间：58.453000 axbx上下届时间：96.140000 结果是否最优:y
***********
Minimum Execution Time:156.734000
Maximum Execution Time:156.734000
Average Execution Time:156.734000
