best_sol:5 349 79 241 46 103 293 206 318 32 221 238 69 257 247 24 224 227 105 110 347 185 164 83 216 271 65 1 59 180 4 374 395 100 74 160 189 372 288 137 291 222 119 309 260 149 7 312 181 123 109 396 328 41 379 89 84 353 368 34 239 85 254 142 233 324 331 19 10 229 183 116 310 195 361 338 145 128 399 366 355 67 78 53 289 147 231 376 228 348 182 0 301 308 208 58 335 63 201 210 106 64 76 45 199 322 305 35 173 234 141 95 171 243 11 237 75 168 25 314 319 386 146 115 27 30 194 170 169 273 150 377 192 333 363 13 287 226 28 219 232 81 220 20 200 252 283 332 383 156 385 394 87 107 225 96 44 326 245 131 384 203 90 284 356 33 302 129 139 325 26 341 304 280 290 342 212 315 285 80 388 134 345 37 15 360 62 249 43 12 49 269 55 263 18 307 198 167 296 390 327 3 211 152 186 346 71 364 300 205 264 82 113 295 251 265 73 267 266 281 298 371 132 365 22 294 36 274 179 282 357 97 163 68 56 47 61 343 277 358 202 66 154 9 102 57 151 88 240 124 86 111 54 60 316 162 159 242 193 112 174 217 204 306 121 91 197 101 51 389 209 130 176 42 213 143 256 120 161 352 39 387 344 339 393 375 52 270 313 272 292 381 398 172 23 157 321 175 21 108 190 262 166 50 278 276 8 77 148 275 99 98 382 397 373 362 369 259 125 104 72 303 323 158 223 133 187 351 297 299 16 218 122 246 177 207 248 93 117 350 118 317 244 253 40 155 138 31 380 258 334 214 261 255 38 279 94 235 70 136 153 14 191 188 17 144 215 378 135 250 236 268 354 2 92 127 330 29 367 140 230 359 178 370 165 329 340 337 336 114 311 391 6 286 126 320 48 196 184 392 
exact_result:3112105  是否排列1 ax=401  bx=7734  cx=10771  obj=3112105
 ax上界求解时间：1.234000 上界花费时间：1.250000
 ax下界求解时间：1.109000 下界花费时间：1.125000 
bx上界求解时间：1.422000 上界花费时间：1.438000
 bx下界求解时间：1.125000 下界花费时间：1.125000 
模型总求解时间：7.891000  模型求解时间：2.203000 axbx上下届时间：5.469000 
***********
Minimum Execution Time:7.891000
Maximum Execution Time:7.891000
Average Execution Time:7.891000
