best_sol:416 534 100 586 675 642 51 99 80 768 495 101 523 246 481 609 58 515 320 795 506 716 203 129 737 2 552 312 676 689 331 448 6 12 599 657 119 565 521 517 23 493 509 233 476 761 370 781 751 62 163 516 50 108 105 377 594 226 151 228 696 278 365 69 567 166 65 329 146 348 394 277 378 205 674 463 691 333 206 291 389 412 479 327 798 162 74 528 10 639 386 160 308 545 376 539 658 157 24 117 19 698 326 185 578 92 247 11 782 85 485 355 470 522 345 193 210 449 113 322 744 86 136 150 694 680 624 38 535 421 362 268 259 618 310 747 118 754 542 427 488 337 582 490 145 190 659 13 42 90 237 720 748 132 631 656 89 316 420 541 234 738 779 436 338 176 685 679 287 783 731 788 563 15 650 452 643 182 141 613 49 64 771 8 724 67 553 546 54 339 478 97 593 383 549 572 741 167 57 341 721 486 429 313 764 699 110 525 790 125 703 248 263 212 375 175 324 507 170 458 569 681 510 430 733 148 367 620 290 500 558 32 285 460 33 492 82 640 405 257 637 414 184 653 435 497 662 153 796 53 667 727 702 669 504 678 464 75 589 130 739 791 786 462 531 645 384 777 16 314 757 483 772 454 718 209 465 717 775 750 199 208 3 735 79 144 221 154 334 240 697 557 646 562 649 192 434 540 200 36 391 767 544 732 76 46 222 730 627 443 591 498 342 505 321 302 94 123 758 471 231 776 245 289 518 269 736 489 369 707 564 264 422 298 380 749 760 275 622 743 407 433 784 713 530 347 587 473 584 366 692 592 293 608 127 396 614 484 424 61 252 242 723 266 392 512 195 712 26 756 288 128 529 453 456 52 103 382 632 28 281 425 446 740 283 753 41 44 328 214 368 408 499 371 630 73 346 207 612 673 399 183 440 93 576 494 388 799 225 619 561 138 344 96 235 665 404 152 81 605 186 296 571 442 165 260 177 18 155 122 261 606 319 660 215 134 106 693 218 415 139 570 174 610 56 648 112 467 652 647 350 198 390 83 419 778 272 227 573 742 722 615 258 596 554 140 35 88 189 604 677 358 360 114 173 87 428 797 785 120 274 373 628 547 387 575 402 47 30 318 477 124 364 763 340 323 715 651 579 406 654 216 688 197 164 595 111 431 773 417 708 301 115 566 137 398 267 98 423 279 616 502 556 734 519 537 295 455 774 538 356 66 450 300 580 711 568 607 187 664 147 633 687 217 780 700 766 282 5 690 22 352 682 393 671 508 601 438 418 181 20 9 332 514 232 574 755 513 663 168 315 179 335 78 536 629 581 634 583 158 204 219 787 239 626 704 25 638 439 14 95 413 0 625 468 532 70 728 159 29 670 109 284 457 752 714 475 385 560 244 325 746 40 107 705 611 602 273 668 143 45 683 379 635 769 403 180 286 701 526 357 409 55 641 223 447 299 710 585 243 202 559 306 725 372 238 623 188 381 524 459 253 63 17 636 548 201 501 621 686 297 533 292 762 600 149 304 666 196 709 230 789 672 236 251 4 27 213 445 441 77 474 395 256 472 133 59 555 37 84 432 91 461 726 598 135 250 309 72 792 361 706 39 353 336 34 102 271 363 770 374 265 487 171 437 21 354 765 194 466 349 759 161 280 401 411 426 351 224 68 543 220 255 655 661 270 330 121 31 343 126 156 229 400 451 794 793 588 48 684 597 695 307 503 317 397 745 444 178 1 719 311 71 104 617 469 241 116 169 729 142 249 131 644 520 294 511 305 480 577 550 527 359 551 60 262 491 496 303 211 590 603 410 482 7 254 191 172 43 276 
exact_result:668247871  是否排列1 ax=9555  bx=69919  cx=171826  obj=668247871
 ax上界求解时间：9.781000 上界花费时间：9.828000
 ax下界求解时间：8.406000 下界花费时间：8.453000 
bx上界求解时间：9.594000 上界花费时间：9.641000
 bx下界求解时间：10.203000 下界花费时间：10.234000 
模型总求解时间：84.109000  模型求解时间：42.531000 axbx上下届时间：40.656000 结果是否最优:y
***********
Minimum Execution Time:84.109000
Maximum Execution Time:84.109000
Average Execution Time:84.109000
