best_sol:167 388 12 548 156 92 104 298 16 87 74 55 577 423 217 89 244 188 234 424 121 64 216 456 537 3 578 436 66 472 574 573 180 510 590 416 363 484 392 88 254 166 522 10 11 536 184 516 532 295 179 443 157 378 526 566 409 1 219 354 524 473 224 512 73 26 411 478 23 544 93 76 383 279 468 163 597 130 169 428 86 208 266 175 407 129 49 432 14 193 154 492 275 195 322 201 292 252 448 102 347 519 103 249 438 514 303 290 316 307 206 355 2 451 239 551 345 410 8 123 253 115 369 352 189 250 348 204 500 140 485 569 488 360 558 570 243 46 96 426 503 491 0 395 564 33 338 386 280 5 263 469 340 467 70 391 332 507 105 245 173 48 535 592 106 530 300 18 161 261 58 99 319 317 398 418 85 454 483 370 132 79 528 598 403 181 241 481 183 231 259 226 549 475 459 25 576 50 306 80 489 171 538 17 112 288 365 541 44 240 117 312 131 29 177 185 13 149 333 341 351 523 377 505 286 401 594 299 148 43 271 198 367 176 215 543 281 335 126 457 24 562 34 567 593 194 540 236 339 242 434 212 336 273 81 75 125 122 283 586 315 285 555 124 553 19 406 65 554 435 358 237 525 359 583 502 389 591 36 429 419 405 376 559 190 527 396 262 371 225 182 203 431 256 486 218 518 200 31 545 137 579 232 421 246 420 379 72 584 520 209 490 227 230 479 552 324 110 268 433 556 476 199 460 90 415 323 368 494 151 42 446 68 32 533 301 542 114 277 381 62 464 318 508 482 37 291 496 565 599 343 276 95 205 314 422 572 60 197 404 22 387 337 21 274 47 413 172 270 71 585 394 39 162 153 444 580 568 497 27 143 164 450 118 353 202 498 61 374 107 147 384 575 458 430 515 191 260 480 531 400 101 412 192 111 53 54 588 98 41 350 465 596 120 155 417 152 264 238 364 228 28 390 499 495 442 414 247 571 375 447 382 539 408 9 534 258 308 6 445 150 222 272 563 595 328 321 35 30 441 397 455 56 186 127 282 587 211 504 223 393 284 38 346 174 342 529 136 399 506 229 144 509 325 309 145 52 362 302 51 220 449 547 165 91 289 313 170 146 57 40 557 187 210 221 94 582 257 248 265 326 45 82 331 97 461 357 462 287 310 320 4 213 20 402 135 356 349 305 385 196 278 380 327 207 334 427 471 255 134 63 294 15 561 589 141 267 521 546 463 214 296 330 233 159 453 160 67 108 329 581 513 366 59 311 158 466 178 168 293 474 373 100 251 439 109 550 437 116 7 425 487 113 372 452 142 235 77 139 83 470 78 297 493 138 304 84 440 517 133 119 344 560 477 501 511 269 361 128 69 
exact_result:372018911  是否排列1 ax=7090  bx=52452  cx=134231  obj=372018911
 ax上界求解时间：4.532000 上界花费时间：4.547000
 ax下界求解时间：4.282000 下界花费时间：4.297000 
bx上界求解时间：4.672000 上界花费时间：4.687000
 bx下界求解时间：4.844000 下界花费时间：4.860000 
模型总求解时间：33.843000  模型求解时间：13.656000 axbx上下届时间：19.687000 结果是否最优:y
***********
Minimum Execution Time:33.843000
Maximum Execution Time:33.843000
Average Execution Time:33.843000
