best_sol:329 599 510 891 731 145 691 237 711 665 334 341 937 67 150 419 990 133 293 603 70 513 332 688 20 958 839 126 374 686 399 875 693 269 478 331 859 723 573 873 80 188 246 895 376 17 558 354 407 68 264 955 830 530 487 791 156 707 993 516 129 662 109 632 922 258 11 552 72 490 10 832 456 821 936 974 729 732 745 787 709 953 609 66 798 736 901 872 882 768 514 398 481 211 123 377 759 77 284 992 19 108 39 664 765 44 561 717 7 106 228 553 291 23 818 921 892 781 263 767 841 196 574 428 625 361 414 243 902 789 596 636 874 564 415 806 524 968 805 728 101 755 951 449 316 442 171 445 813 470 423 740 645 61 987 866 201 657 121 865 778 525 281 435 997 308 282 314 753 500 932 412 251 290 497 347 210 808 437 881 451 424 112 151 355 360 295 206 140 4 792 357 826 838 29 409 676 434 267 861 480 634 823 351 76 392 618 642 395 918 854 386 570 93 495 98 185 371 271 550 289 215 297 718 270 22 567 794 637 811 762 261 988 779 900 923 569 13 667 12 311 983 52 307 785 288 232 448 425 187 795 743 32 358 462 242 724 161 622 427 396 313 104 633 393 537 713 810 257 1 925 612 273 850 338 960 162 572 37 660 853 388 579 701 195 406 79 475 413 292 330 440 178 788 566 149 167 224 986 884 670 114 969 814 160 498 198 16 998 576 835 380 591 233 225 266 598 638 674 134 164 846 585 492 51 656 944 812 529 116 247 249 842 400 928 148 857 909 690 540 985 507 941 595 325 223 643 467 474 991 972 600 742 604 90 630 40 236 551 952 353 124 28 404 379 118 640 192 758 978 139 517 588 565 230 870 931 274 583 346 168 858 989 489 712 639 55 651 153 213 554 324 402 956 254 851 483 84 906 780 580 433 141 631 272 47 777 256 205 786 694 772 303 181 65 226 720 878 784 532 416 180 216 89 339 238 536 547 95 526 734 868 158 157 49 757 659 546 979 436 930 401 807 63 577 280 606 877 450 597 965 915 103 502 452 655 41 908 623 803 831 725 496 963 62 961 193 820 671 541 31 287 113 477 730 183 455 304 675 422 689 848 349 74 973 752 913 199 420 914 318 2 975 259 714 99 967 253 155 899 538 644 337 738 441 509 982 143 159 593 36 775 750 889 343 214 294 191 463 684 466 917 920 903 286 248 152 227 954 790 804 229 397 344 744 35 342 356 518 760 348 173 692 751 770 119 461 15 950 484 746 137 959 733 687 132 869 672 170 948 887 182 802 796 594 53 515 741 327 980 739 389 539 647 995 144 410 309 658 235 721 86 756 217 405 699 115 447 3 85 847 362 911 69 97 797 905 105 285 521 426 130 14 378 443 977 828 6 849 504 555 942 681 976 301 125 255 512 719 345 702 560 189 611 265 682 912 320 824 385 203 646 663 352 907 666 582 894 722 764 855 749 715 523 120 649 135 897 221 299 340 867 940 88 276 394 695 635 578 584 315 506 614 494 710 83 179 122 0 697 212 984 825 698 708 277 350 71 260 234 468 81 283 321 102 727 390 491 503 511 590 56 278 680 328 200 366 381 208 943 154 862 641 568 359 571 177 306 384 310 5 239 403 444 479 962 935 587 782 383 453 194 837 559 774 127 528 323 363 207 131 799 24 933 817 222 563 50 586 885 82 322 486 605 146 197 827 91 275 505 312 575 418 771 219 501 92 408 876 26 863 522 999 9 446 836 252 601 460 726 945 845 488 964 621 562 326 994 896 800 458 822 971 519 833 703 883 473 589 773 128 73 300 669 459 653 696 38 650 970 220 368 244 432 957 43 763 673 370 163 165 929 793 335 534 886 365 527 469 617 202 840 147 843 661 8 520 166 94 485 910 620 472 305 465 438 607 18 880 924 946 735 879 700 430 75 966 927 33 296 59 613 78 387 904 705 627 628 34 175 624 949 30 231 184 864 110 619 706 204 60 557 747 809 279 64 431 87 926 138 429 454 626 471 783 373 27 319 117 96 888 581 176 860 262 411 852 457 761 476 499 543 21 615 111 766 737 107 898 648 268 493 592 616 245 54 545 815 776 816 893 421 46 25 241 677 549 679 169 769 754 602 844 981 372 556 508 136 482 629 369 934 174 382 250 298 45 608 610 48 57 364 856 417 100 464 542 240 218 439 302 172 947 367 548 801 186 829 683 685 916 190 535 533 333 668 748 938 652 654 704 42 871 336 531 996 58 939 819 834 209 678 919 391 716 890 375 544 142 317 
exact_result:61448523  是否排列1 ax=3730  bx=16467  cx=26613  obj=61448523
 ax上界求解时间：20.221000 上界花费时间：20.294000
 ax下界求解时间：12.015000 下界花费时间：12.086000 
bx上界求解时间：12.974000 上界花费时间：13.046000
 bx下界求解时间：11.323000 下界花费时间：11.396000 
模型总求解时间：304.206000  模型求解时间：241.870000 axbx上下届时间：60.864000 结果是否最优:y
***********
Minimum Execution Time:304.206000
Maximum Execution Time:304.206000
Average Execution Time:304.206000
