best_sol:332 304 61 393 136 37 44 475 291 74 223 300 419 547 460 202 94 211 216 197 59 485 320 319 536 27 273 114 259 174 230 306 156 78 378 339 122 69 424 214 310 239 374 203 465 172 564 276 522 40 2 232 483 508 360 256 596 34 229 254 427 217 299 420 96 563 441 21 358 462 58 399 150 567 103 126 108 569 457 597 491 296 394 335 169 265 258 512 208 429 368 234 12 377 279 19 351 10 145 539 99 154 157 298 503 461 447 446 516 269 206 140 323 25 593 321 590 470 398 589 381 519 237 149 205 430 599 527 301 225 119 556 31 558 110 129 166 403 100 533 11 8 510 183 562 466 303 408 260 365 180 352 534 497 341 356 123 92 65 284 366 57 289 451 76 15 486 386 369 355 576 350 481 472 311 168 471 397 101 238 577 116 86 525 75 464 411 410 484 68 98 405 454 492 325 371 151 209 521 308 357 294 474 3 38 270 375 347 134 261 362 280 137 324 80 482 528 173 141 499 17 449 176 407 426 489 422 428 458 53 113 190 309 467 175 404 380 546 550 532 285 448 167 16 326 112 85 97 502 221 6 133 9 553 56 579 572 263 580 286 32 189 161 50 268 271 438 316 379 523 417 376 163 307 415 595 73 555 146 191 565 314 445 267 587 389 455 253 213 414 535 262 20 538 199 243 160 348 159 354 127 30 349 392 45 70 518 391 480 4 195 89 28 493 143 443 42 7 93 90 66 295 570 187 164 478 236 529 139 396 561 476 185 23 91 416 318 135 557 382 193 495 463 131 71 496 548 198 287 342 353 292 591 468 48 14 490 551 436 81 498 345 171 402 385 226 584 186 52 43 343 586 506 571 288 22 531 367 235 317 554 340 117 242 435 401 387 328 29 228 264 144 423 275 469 184 459 450 257 194 255 322 244 252 60 582 79 585 434 55 118 283 248 245 336 207 278 541 178 84 274 18 158 453 200 219 511 524 361 552 566 39 215 305 220 281 504 545 594 233 240 147 337 537 313 331 210 363 201 181 62 581 412 473 330 111 227 196 456 560 162 509 372 540 346 142 439 444 588 249 13 63 501 395 115 406 479 82 64 437 413 344 515 530 409 440 578 334 500 388 568 549 138 54 182 224 95 442 573 250 574 514 222 77 46 421 477 130 24 373 0 359 120 494 598 517 433 383 35 41 542 124 33 425 505 266 452 1 170 315 583 327 384 364 36 370 246 105 153 272 51 507 125 302 544 297 212 329 520 513 247 87 49 165 26 400 121 102 128 575 218 47 488 109 290 543 179 241 104 107 204 231 67 312 88 526 293 148 132 177 338 277 106 390 83 432 192 152 431 333 251 559 418 487 72 592 5 155 188 282 
exact_result:7272088  是否排列1 ax=1104  bx=6573  cx=15496  obj=7272088
 ax上界求解时间：4.141000 上界花费时间：4.157000
 ax下界求解时间：3.875000 下界花费时间：3.890000 
bx上界求解时间：4.063000 上界花费时间：4.078000
 bx下界求解时间：3.359000 下界花费时间：3.390000 
模型总求解时间：28.360000  模型求解时间：10.922000 axbx上下届时间：16.829000 
***********
Minimum Execution Time:28.360000
Maximum Execution Time:28.360000
Average Execution Time:28.360000
