best_sol:132 62 3 18 50 125 137 104 148 157 169 130 0 56 14 136 195 172 166 22 55 102 97 127 25 2 188 60 61 199 41 4 116 182 31 87 65 91 80 39 114 124 113 81 69 88 198 117 20 161 187 105 106 194 186 111 71 32 138 180 5 48 170 53 36 76 154 121 143 75 9 8 90 152 134 35 160 168 46 165 112 118 184 175 109 128 23 174 59 67 108 73 99 52 28 16 98 83 131 15 17 145 92 163 12 139 38 47 100 181 26 43 79 63 185 74 7 64 153 150 49 176 164 140 197 179 147 1 141 155 189 10 96 95 149 119 21 57 178 24 193 135 85 11 120 70 110 77 13 68 29 103 177 40 192 171 190 101 196 183 45 146 30 33 19 115 122 191 158 34 159 78 51 133 144 72 54 162 89 58 82 42 93 126 107 156 66 142 37 123 84 6 44 151 167 94 27 173 86 129 
exact_result:404247  是否排列1 ax=200  bx=2000  cx=4247  obj=404247
 ax上界求解时间：0.297000 上界花费时间：0.312000
 ax下界求解时间：0.281000 下界花费时间：0.296000 
bx上界求解时间：0.313000 上界花费时间：0.328000
 bx下界求解时间：0.321000 下界花费时间：0.321000 
模型总求解时间：2.109000  模型求解时间：0.625000 axbx上下届时间：1.421000 
***********
Minimum Execution Time:2.109000
Maximum Execution Time:2.109000
Average Execution Time:2.109000
