best_sol:100 4 90 111 93 16 124 40 42 132 97 78 194 81 151 110 162 185 179 98 39 139 187 7 175 38 94 8 105 137 54 36 113 48 62 181 128 50 199 71 34 0 57 193 174 28 61 51 180 144 44 55 88 27 45 73 159 150 138 58 35 146 85 14 129 75 198 95 123 96 160 188 197 5 15 72 103 21 12 67 135 9 170 133 127 92 166 120 18 182 82 143 189 77 17 169 152 165 52 66 168 76 126 74 173 161 155 84 142 125 112 49 89 186 10 47 79 167 148 154 140 114 19 30 23 70 130 102 43 6 87 149 183 145 172 118 195 86 64 20 158 59 141 26 22 117 37 131 121 164 156 46 68 60 63 192 134 101 184 13 122 108 91 106 163 136 24 53 153 3 119 157 29 171 25 115 2 104 56 41 196 83 1 11 33 176 147 109 116 107 80 178 191 69 65 190 177 31 99 32 
exact_result:1219162  是否排列1 ax=508  bx=2390  cx=5042  obj=1219162
 ax上界求解时间：0.281000 上界花费时间：0.297000
 ax下界求解时间：0.391000 下界花费时间：0.407000 
bx上界求解时间：0.281000 上界花费时间：0.296000
 bx下界求解时间：0.325000 下界花费时间：0.325000 
模型总求解时间：2.575000  模型求解时间：1.016000 axbx上下届时间：1.497000 
***********
Minimum Execution Time:2.575000
Maximum Execution Time:2.575000
Average Execution Time:2.575000
