best_sol:10 394 325 92 174 236 180 262 203 491 486 525 134 44 254 597 74 73 448 550 108 314 256 96 122 98 465 284 508 80 564 572 341 294 283 20 447 37 498 320 152 238 38 567 101 315 157 403 172 362 539 429 360 265 126 428 484 503 197 424 40 593 166 536 299 426 441 492 189 413 76 381 534 211 145 271 53 516 399 289 223 195 86 376 321 482 217 590 15 32 419 350 506 439 50 209 304 355 547 168 239 470 301 511 352 398 579 208 587 405 527 16 222 596 430 258 393 577 216 116 59 173 31 11 25 183 19 461 230 150 65 522 369 229 232 512 374 9 269 386 483 485 510 569 99 351 156 27 149 462 337 481 528 375 319 70 576 267 339 90 519 280 273 551 497 408 268 237 582 191 246 458 21 365 378 103 471 6 451 589 69 119 570 575 368 464 411 410 546 68 75 487 261 137 110 198 300 286 175 308 513 2 363 78 472 371 206 298 28 221 234 558 563 324 303 311 533 140 123 97 323 449 176 407 259 474 422 163 105 169 423 190 380 467 213 61 240 94 143 532 285 135 568 499 326 599 85 64 502 225 414 133 456 553 56 41 332 263 580 295 276 8 161 358 556 66 114 316 379 523 417 515 48 307 415 595 214 555 146 460 565 3 445 427 501 389 455 253 391 151 535 127 79 357 306 243 160 348 159 354 489 30 349 317 129 141 518 227 480 4 167 89 562 493 45 443 42 7 93 29 475 100 578 187 164 478 420 529 279 396 561 476 185 23 91 416 318 12 557 382 517 495 463 131 71 496 548 296 287 342 353 292 591 468 309 14 490 538 436 81 446 345 171 402 385 226 584 186 52 43 343 586 291 571 288 22 531 377 235 526 554 340 117 242 435 401 387 328 404 228 264 144 112 275 469 184 459 450 257 194 255 322 244 252 60 125 154 585 434 55 118 438 248 245 336 207 199 541 178 84 274 18 158 453 200 219 356 524 361 552 566 39 215 305 220 281 504 545 594 233 507 147 466 537 313 331 193 57 201 181 62 581 412 473 205 111 251 196 454 560 162 509 372 540 346 142 521 444 588 249 13 63 310 395 115 406 479 82 34 437 373 344 457 530 409 440 392 334 500 388 120 549 138 54 182 224 95 442 573 250 574 514 367 77 46 421 477 130 24 136 0 359 139 494 598 270 433 383 35 210 542 124 33 425 505 266 452 1 170 397 583 327 384 364 36 370 330 366 153 272 51 260 5 302 544 297 212 329 520 58 247 87 49 165 26 400 121 102 128 278 218 47 488 109 290 543 179 241 104 107 204 231 67 312 88 113 293 148 132 177 338 277 106 390 83 432 192 17 431 333 202 559 418 347 72 592 335 155 188 282 
exact_result:126567736  是否排列1 ax=3801  bx=33263  cx=135073  obj=126567736
 ax上界求解时间：3.672000 上界花费时间：3.688000
 ax下界求解时间：3.906000 下界花费时间：3.937000 
bx上界求解时间：3.609000 上界花费时间：3.641000
 bx下界求解时间：4.047000 下界花费时间：4.079000 
模型总求解时间：25.172000  模型求解时间：8.000000 axbx上下届时间：16.672000 
***********
Minimum Execution Time:25.172000
Maximum Execution Time:25.172000
Average Execution Time:25.172000
