best_sol:416 534 66 510 675 642 51 96 80 768 513 102 664 353 481 609 54 646 320 794 526 648 203 35 772 2 585 312 676 597 331 533 6 12 507 517 119 565 521 516 23 493 509 233 476 761 272 781 751 62 163 654 50 217 105 375 594 225 151 228 695 226 365 69 567 181 19 329 180 348 394 277 378 205 674 463 691 333 206 323 389 412 552 327 798 162 42 528 10 639 386 113 308 704 358 496 657 157 24 116 153 698 326 280 630 92 340 160 782 85 485 302 470 524 345 194 210 504 78 74 744 70 136 150 694 680 624 75 557 390 362 268 257 619 402 748 129 754 546 568 488 337 582 461 145 190 660 13 41 90 237 739 779 118 631 656 89 283 419 518 199 632 766 436 355 175 685 679 236 738 731 788 563 17 649 452 643 114 141 613 33 64 785 3 724 67 450 576 108 339 478 79 622 383 599 573 757 167 57 161 721 486 429 313 764 699 110 525 790 125 703 247 262 212 376 351 324 428 170 458 569 682 499 430 733 148 267 620 290 500 558 32 286 460 301 492 218 640 405 224 637 414 168 653 435 497 663 196 796 53 667 727 702 669 442 618 464 149 577 130 723 791 786 462 523 645 400 777 287 314 758 608 773 454 718 193 465 717 775 750 86 319 7 735 139 144 221 317 334 240 697 477 712 562 603 192 434 540 166 36 391 767 544 732 76 46 222 730 448 443 716 498 342 505 321 249 94 123 795 471 387 776 245 289 550 269 737 489 384 707 564 264 421 298 380 749 760 275 623 741 409 433 784 713 515 310 587 490 584 349 511 592 291 607 127 431 614 484 422 63 252 242 720 266 392 578 174 728 83 756 288 61 736 469 456 359 103 382 634 28 282 426 446 740 281 753 56 44 328 214 367 408 483 372 520 73 346 207 612 673 43 183 543 250 689 494 368 799 209 591 561 138 344 31 72 711 404 152 315 605 186 296 571 441 418 260 179 18 155 122 261 606 101 690 215 134 106 693 427 415 165 570 81 610 55 650 112 658 652 647 350 49 388 82 172 778 273 227 604 742 722 615 258 743 554 140 154 88 232 530 677 420 360 93 173 117 425 797 662 120 318 373 628 547 370 575 38 47 30 231 479 124 364 763 341 322 715 651 579 406 495 216 659 197 164 692 111 432 769 417 638 16 99 566 137 398 251 97 423 279 616 502 556 734 519 537 371 455 774 553 356 65 466 377 580 708 474 593 187 572 213 633 687 293 780 700 665 182 5 473 22 352 453 393 529 508 601 542 8 259 20 9 332 514 198 574 755 487 522 135 248 178 335 254 535 629 581 636 424 158 204 219 787 239 626 627 25 589 439 14 95 413 0 625 468 531 208 714 159 29 671 109 26 457 752 586 475 385 560 244 325 747 40 107 705 611 602 285 668 143 366 683 396 621 771 403 115 399 701 783 357 195 304 641 223 447 300 710 538 243 202 559 306 725 354 238 655 188 381 539 491 253 200 58 635 583 201 501 670 686 297 532 292 681 746 133 303 666 100 709 176 789 672 189 407 4 27 98 545 440 185 506 395 256 472 146 59 555 37 84 696 91 549 726 536 184 52 309 338 792 379 706 39 369 336 34 132 271 363 770 374 265 596 171 437 21 299 765 177 467 347 759 274 147 401 411 15 234 45 68 541 220 255 512 661 1 330 121 48 343 126 156 229 263 451 793 762 588 295 684 598 678 307 503 316 397 745 444 128 87 719 311 71 104 617 595 241 410 169 729 142 246 131 644 459 294 449 305 480 438 688 527 361 551 60 278 445 548 284 211 590 600 77 482 11 235 191 270 230 276 
exact_result:670504663 exactresult2:670504663.000000 是否排列1 ax=9605  bx=69790  cx=171713  obj=670504663
 ax上界求解时间：0.000000 上界花费时间：0.000000
 ax下界求解时间：0.000000 下界花费时间：0.000000 
bx上界求解时间：9.969000 上界花费时间：10.016000
 bx下界求解时间：10.703000 下界花费时间：10.750000 
模型总求解时间：3624.363000  模型求解时间：3600.863000 axbx上下届时间：22.063000 结果是否最优:ny
***********
Minimum Execution Time:3624.363000
Maximum Execution Time:3624.363000
Average Execution Time:3624.363000
