best_sol:305 459 100 845 488 930 891 2 372 200 343 725 812 858 592 998 804 213 962 917 12 538 182 371 566 713 17 423 137 18 711 398 341 589 633 583 175 863 60 960 546 636 132 716 429 30 741 714 870 558 686 609 38 13 772 400 532 695 411 190 710 567 689 142 415 533 762 901 179 360 311 84 658 428 363 386 131 823 26 422 58 607 67 758 163 919 36 899 602 456 571 968 177 719 552 409 593 969 982 129 693 883 599 515 466 299 717 575 776 102 516 676 385 300 577 43 446 613 956 111 274 402 145 205 898 11 814 319 953 28 786 747 146 553 128 921 914 69 464 203 562 173 172 288 936 81 85 280 194 721 842 527 518 773 920 281 273 61 92 243 57 569 596 957 835 587 666 851 297 342 788 469 790 432 157 426 167 160 492 925 890 641 603 628 242 871 344 610 780 294 151 682 809 380 168 277 291 815 162 80 897 913 143 333 740 549 813 73 931 334 565 396 468 331 895 355 354 856 759 78 284 938 105 973 252 7 326 937 185 746 580 742 935 817 231 54 922 923 296 850 154 926 578 907 59 918 216 819 270 221 574 220 965 401 164 417 860 309 141 684 53 484 941 948 62 679 942 550 530 49 824 119 782 543 978 655 442 237 649 685 379 471 630 93 554 882 588 803 362 854 964 481 536 811 704 943 940 977 433 431 120 126 528 388 244 981 477 672 954 180 419 795 427 489 644 346 775 720 97 841 496 498 878 86 353 470 483 735 452 844 27 744 367 279 827 760 263 349 14 90 654 873 193 308 384 490 155 215 390 150 875 535 834 121 777 866 186 820 403 136 829 276 754 652 614 657 235 232 862 983 932 623 198 985 766 271 643 444 204 158 853 4 984 152 448 739 909 694 726 958 445 601 437 37 523 117 328 107 966 234 391 855 707 825 257 495 32 506 637 881 350 166 539 975 524 171 370 561 778 227 292 653 29 836 997 416 352 368 892 703 312 1 792 797 467 615 123 40 705 485 47 447 418 322 785 556 347 755 39 970 404 626 727 508 181 336 612 230 876 324 896 764 218 196 410 542 457 212 967 19 787 56 127 491 748 382 999 906 885 23 15 124 223 8 540 392 677 35 394 449 961 21 238 307 605 191 959 424 192 55 493 140 678 327 702 501 335 451 590 436 990 286 526 732 42 122 147 806 768 688 728 692 3 96 239 752 784 849 651 290 51 246 377 667 989 98 272 910 225 737 6 22 323 460 219 478 222 408 165 268 911 103 868 683 912 89 197 505 413 507 453 889 548 591 955 805 660 502 462 511 915 458 321 576 821 674 723 745 414 178 903 629 76 75 663 278 287 832 545 359 209 572 848 691 314 570 996 699 939 631 831 751 399 184 513 944 798 265 902 908 557 791 586 859 228 66 161 884 951 255 634 980 475 673 310 430 690 929 383 604 389 662 730 480 88 351 301 769 313 647 544 406 839 995 420 306 646 846 619 345 425 201 241 199 976 499 867 248 974 826 441 253 796 802 339 289 616 670 779 722 71 972 757 440 734 547 838 563 91 617 113 564 537 645 621 843 519 818 522 358 900 133 393 262 665 893 877 864 357 675 801 63 671 765 366 465 378 256 924 153 551 642 148 79 108 46 229 317 337 174 541 708 41 680 114 763 529 669 208 0 438 750 135 781 833 115 65 979 144 258 632 139 329 138 994 952 259 837 176 904 330 316 340 275 638 266 595 872 600 927 434 729 295 99 800 472 840 217 479 348 822 709 304 598 254 87 971 500 993 64 116 455 986 110 749 525 233 618 45 395 159 510 861 736 77 365 622 407 68 886 718 224 52 521 770 95 211 794 880 774 236 183 421 559 463 20 293 668 560 783 611 724 733 681 214 928 639 474 332 712 375 640 118 9 743 698 302 264 761 269 482 568 461 659 664 808 597 950 767 320 509 933 888 298 260 25 661 412 582 706 282 261 874 125 648 894 594 879 435 374 756 697 207 94 134 170 454 807 104 494 251 156 112 356 627 847 947 70 753 620 473 887 738 816 325 497 443 650 988 771 315 33 534 486 731 361 397 945 245 504 531 687 82 579 946 283 303 10 635 869 857 624 109 581 48 83 514 585 934 387 656 701 50 226 188 905 517 250 318 195 72 16 830 487 405 376 373 625 285 916 852 240 503 700 573 606 810 267 369 74 206 130 364 520 696 5 987 210 865 106 247 789 101 715 31 991 439 149 476 202 169 512 608 338 584 963 828 34 555 249 992 793 189 187 949 44 24 799 450 381 
exact_result:1052468637 exactresult2:1052468637.000000 是否排列1 ax=12053  bx=87303  cx=205578  obj=1052468637
 ax上界求解时间：0.000000 上界花费时间：0.000000
 ax下界求解时间：0.000000 下界花费时间：0.000000 
bx上界求解时间：20.250000 上界花费时间：20.358000
 bx下界求解时间：16.032000 下界花费时间：16.094000 
模型总求解时间：3643.306000  模型求解时间：3601.632000 axbx上下届时间：38.530000 结果是否最优:ny
***********
Minimum Execution Time:3643.306000
Maximum Execution Time:3643.306000
Average Execution Time:3643.306000
