best_sol:348 134 248 318 144 316 216 325 129 381 225 202 84 322 346 364 23 296 7 389 95 160 321 352 251 221 357 85 70 164 79 365 183 315 292 280 131 201 362 305 89 153 387 379 312 344 87 224 214 51 175 203 356 393 53 302 238 4 279 361 88 130 149 5 64 386 276 63 196 47 137 16 46 270 220 355 350 345 304 145 36 226 289 310 204 42 163 25 222 81 314 68 82 69 255 212 133 157 12 185 252 358 117 59 143 108 371 181 301 34 35 383 237 298 241 169 71 295 74 229 308 150 189 395 27 96 210 195 309 249 391 266 184 267 52 232 90 43 55 172 319 186 199 215 192 288 94 83 10 335 102 281 388 21 113 128 243 17 139 331 218 98 219 291 22 92 116 13 170 167 193 0 223 58 80 100 41 227 285 78 50 3 166 24 15 360 66 253 271 119 200 158 62 97 217 307 242 19 377 372 151 72 228 161 311 209 75 49 125 342 264 107 376 121 297 265 73 329 156 293 57 141 260 254 211 347 180 324 326 353 274 197 282 233 45 399 61 39 110 152 171 257 112 273 1 272 290 140 240 124 136 37 194 32 277 162 176 60 333 67 174 374 76 306 338 91 65 368 275 385 247 177 115 30 366 375 256 26 190 263 11 173 159 339 284 205 44 287 239 54 109 187 398 327 300 104 86 245 330 378 105 262 18 363 278 168 8 77 384 206 99 147 148 397 373 234 369 132 259 328 390 303 323 111 40 340 182 123 394 142 154 294 122 246 28 207 106 93 332 191 118 317 269 101 231 155 138 31 380 258 334 213 261 9 396 208 20 198 382 341 349 14 120 188 33 299 103 370 135 250 236 268 354 2 313 127 38 29 367 56 230 359 178 146 165 283 235 337 351 114 336 244 6 286 126 320 48 343 179 392 
exact_result:1613328  是否排列1 ax=401  bx=4001  cx=8927  obj=1613328
 ax上界求解时间：1.258000 上界花费时间：1.270000
 ax下界求解时间：1.106000 下界花费时间：1.118000 
bx上界求解时间：1.306000 上界花费时间：1.317000
 bx下界求解时间：1.143000 下界花费时间：1.155000 
模型总求解时间：10.289000  模型求解时间：4.656000 axbx上下届时间：5.416000 结果是否最优:y
***********
Minimum Execution Time:10.289000
Maximum Execution Time:10.289000
Average Execution Time:10.289000
