best_sol:151 180 69 269 309 185 68 298 389 364 113 377 49 220 289 247 94 156 84 102 373 159 54 15 104 36 83 1 313 183 22 148 271 385 365 8 361 58 62 125 168 381 268 16 363 331 200 7 25 219 258 116 88 358 60 255 293 4 340 97 117 392 312 164 153 112 261 30 286 63 118 107 74 131 369 53 375 300 273 197 165 215 262 150 257 38 352 229 57 42 297 31 380 123 222 233 108 198 37 345 90 304 145 225 119 61 59 239 323 162 270 357 0 303 328 169 129 43 339 228 157 190 121 124 223 160 178 299 91 17 315 166 177 347 325 206 362 232 249 242 265 14 281 320 89 318 395 266 77 209 82 254 301 349 241 71 319 355 329 203 106 210 176 224 376 41 383 263 212 335 341 343 87 175 48 182 245 32 218 142 73 384 194 24 252 267 250 13 11 235 163 138 122 327 275 290 184 308 246 368 72 334 278 86 253 276 350 217 126 26 367 45 354 292 127 391 322 393 135 372 5 397 96 264 294 99 146 65 336 92 337 236 326 98 167 143 370 311 147 244 141 144 360 348 130 296 386 374 283 221 214 284 70 338 114 359 78 29 10 50 256 105 111 95 227 136 333 231 19 213 398 81 137 272 208 317 191 199 46 351 390 110 155 56 140 196 259 174 187 171 238 280 6 205 28 260 305 173 179 133 154 332 310 344 274 27 237 366 51 12 80 139 211 324 9 378 346 387 207 101 307 120 149 52 161 394 234 251 23 342 201 382 188 172 75 240 189 55 134 285 93 64 76 195 330 170 295 40 202 35 388 109 158 21 277 20 216 204 128 306 321 302 181 316 103 291 85 100 79 33 230 356 282 115 371 67 132 193 2 248 399 287 379 243 226 314 44 288 152 353 39 192 34 18 279 3 186 66 396 47 
exact_result:7351269  是否排列1 ax=1056  bx=6953  cx=8901  obj=7351269
 ax上界求解时间：1.508000 上界花费时间：1.521000
 ax下界求解时间：1.292000 下界花费时间：1.305000 
bx上界求解时间：1.356000 上界花费时间：1.368000
 bx下界求解时间：1.501000 下界花费时间：1.514000 
模型总求解时间：15.091000  模型求解时间：8.618000 axbx上下届时间：6.258000 结果是否最优:y
***********
Minimum Execution Time:15.091000
Maximum Execution Time:15.091000
Average Execution Time:15.091000
