best_sol:86 126 153 377 221 36 106 246 337 323 177 317 13 362 341 398 152 11 18 22 251 141 32 79 184 94 129 118 320 244 74 156 363 350 247 77 224 0 89 6 21 307 359 50 316 269 382 65 31 57 340 3 9 272 165 277 338 168 260 49 179 322 222 135 51 12 329 4 276 115 171 61 43 186 397 128 204 259 297 250 133 386 198 23 274 68 305 217 123 173 346 19 313 175 349 234 24 351 8 310 109 315 2 229 33 41 119 324 273 52 225 308 75 283 380 125 99 114 284 194 54 343 158 107 208 56 37 381 105 140 365 78 93 388 245 108 290 328 219 256 270 188 248 360 101 192 228 384 102 71 17 267 296 336 200 1 235 311 339 197 122 199 185 209 201 145 353 230 34 352 300 223 166 20 170 132 331 98 390 87 160 210 314 116 265 249 275 72 182 232 155 131 62 254 319 335 293 389 330 226 7 372 357 124 239 368 255 366 103 117 268 39 321 263 55 385 348 376 42 373 92 252 113 231 253 183 81 149 216 97 309 295 306 142 178 154 332 195 67 214 29 169 367 354 187 393 391 262 371 257 236 374 96 355 25 286 167 69 38 138 220 130 147 16 344 110 299 318 73 163 211 27 60 342 375 193 136 279 189 240 237 64 104 176 157 285 227 148 369 44 190 213 82 26 161 395 361 191 46 100 83 280 291 356 238 48 345 212 84 90 162 70 53 399 150 304 326 196 327 134 378 137 14 112 15 358 233 218 76 215 301 264 347 127 159 243 266 146 35 396 47 30 91 394 334 180 392 85 242 95 281 181 120 80 278 63 271 325 139 288 383 303 298 205 59 387 10 143 151 45 364 379 294 164 289 111 58 258 174 207 241 206 302 261 312 287 144 203 66 202 172 282 5 40 292 88 370 28 333 121 
exact_result:163431005  是否排列1 ax=4676  bx=34932  cx=88973  obj=163431005
 ax上界求解时间：1.625000 上界花费时间：1.641000
 ax下界求解时间：1.375000 下界花费时间：1.390000 
bx上界求解时间：1.578000 上界花费时间：1.594000
 bx下界求解时间：1.687000 下界花费时间：1.687000 
模型总求解时间：12.734000  模型求解时间：5.672000 axbx上下届时间：6.844000 
***********
Minimum Execution Time:12.734000
Maximum Execution Time:12.734000
Average Execution Time:12.734000
