best_sol:305 459 100 846 427 930 891 39 357 183 168 725 812 858 910 998 699 212 959 920 12 538 182 351 566 731 17 244 137 18 711 276 340 589 633 583 157 863 119 961 806 636 131 870 429 14 722 715 869 558 686 898 88 52 688 343 531 588 411 149 993 567 689 142 486 528 762 903 225 360 311 188 523 428 363 430 315 823 26 422 58 687 67 758 163 742 19 899 646 423 571 980 220 653 864 409 926 534 981 129 693 883 753 512 447 323 717 637 875 102 796 545 386 425 575 86 231 958 955 110 274 402 127 205 594 11 814 317 795 15 786 577 145 951 370 921 914 4 464 203 540 233 172 288 936 139 8 328 213 723 842 587 518 773 772 448 471 61 94 13 57 569 596 919 835 867 682 851 297 342 845 469 793 432 154 449 167 373 492 923 890 641 601 627 242 871 404 590 780 318 177 622 809 380 190 461 292 757 162 80 897 913 467 356 855 550 794 115 931 378 565 396 192 457 895 336 436 552 694 438 200 938 104 973 253 31 368 937 185 620 557 696 916 714 248 54 716 555 241 850 385 666 578 907 59 918 216 549 270 412 574 392 642 401 164 480 860 28 366 645 53 388 941 948 250 591 942 526 922 49 779 65 781 544 917 655 442 237 690 685 280 166 630 93 530 882 628 802 341 854 964 483 615 811 705 944 657 978 433 431 69 126 527 30 369 510 477 672 935 179 420 521 331 489 643 346 776 718 99 841 1 495 878 85 354 470 249 735 452 542 27 744 498 279 901 759 263 293 484 90 654 987 193 169 384 490 155 215 153 150 912 535 834 227 777 827 187 820 403 136 888 295 584 843 614 652 296 232 862 983 932 659 198 963 766 236 663 400 204 181 873 7 982 152 335 739 950 522 519 957 463 600 437 37 960 117 329 106 968 277 391 756 707 825 257 640 36 460 892 881 350 170 539 861 524 382 349 561 800 223 333 631 29 836 532 417 398 294 853 703 160 488 813 797 415 974 123 41 625 128 47 468 418 91 785 556 413 755 24 970 405 626 727 503 84 176 612 334 677 324 774 764 218 196 269 988 108 211 967 22 787 56 105 513 748 426 999 906 885 221 159 124 395 55 879 371 710 20 191 496 962 114 259 306 664 175 977 424 234 35 493 140 506 326 509 502 273 451 546 146 784 286 721 648 42 158 147 805 768 671 803 692 3 96 239 752 956 849 651 339 51 246 375 945 989 98 272 927 224 737 6 40 446 444 219 478 313 410 165 267 969 103 670 684 911 132 197 504 116 607 453 889 548 613 954 665 660 966 462 623 915 458 321 709 819 592 533 745 414 178 925 629 77 78 695 278 44 832 658 359 209 572 848 691 481 570 996 700 939 821 750 706 399 184 511 554 799 122 902 908 515 791 586 859 228 66 161 884 829 255 634 581 475 673 310 491 624 929 383 604 389 720 730 299 367 238 301 747 314 647 609 408 953 995 125 390 667 543 621 309 472 201 261 199 975 499 868 189 808 826 186 32 831 568 111 393 736 669 778 719 71 972 553 325 734 547 876 563 75 617 113 564 516 738 508 824 610 817 494 440 900 133 377 262 943 893 877 804 319 675 801 63 649 765 344 465 379 256 924 352 674 576 148 43 107 46 229 320 10 174 541 708 60 679 284 562 529 965 291 0 72 751 173 740 833 281 416 979 144 258 632 222 348 138 994 952 287 837 143 904 330 485 307 81 638 89 551 872 599 763 434 729 362 82 815 450 818 217 479 92 856 608 304 598 254 208 866 500 990 64 421 455 986 70 749 525 361 618 406 271 180 466 840 656 79 266 680 171 68 886 697 50 243 702 770 135 151 602 880 775 235 347 419 909 322 21 439 668 560 783 611 724 733 681 214 928 639 474 332 712 358 517 141 120 743 971 302 2 782 265 482 985 441 676 741 644 597 559 767 345 704 933 844 365 260 372 661 394 582 536 282 264 874 290 605 894 595 839 435 374 754 698 207 62 134 251 454 807 87 275 298 156 112 355 761 828 947 118 810 619 497 887 713 816 407 537 443 769 984 771 312 33 732 289 728 445 397 616 245 476 683 580 25 579 946 283 303 38 635 847 857 940 109 976 48 83 514 585 934 387 726 701 194 226 9 905 790 247 121 195 507 16 830 487 327 376 74 822 285 896 852 240 501 593 573 603 789 73 353 76 206 130 364 520 678 5 997 210 865 308 230 788 101 650 97 991 300 252 316 202 456 505 606 338 760 662 746 34 798 337 992 792 268 95 949 45 23 838 473 381 
exact_result:1047115827  是否排列1 ax=11961  bx=87527  cx=205380  obj=1047115827
 ax上界求解时间：16.641000 上界花费时间：16.703000
 ax下界求解时间：14.390000 下界花费时间：14.437000 
bx上界求解时间：19.515000 上界花费时间：19.578000
 bx下界求解时间：15.344000 下界花费时间：15.406000 
模型总求解时间：107.050000  模型求解时间：35.422000 axbx上下届时间：70.143000 
***********
Minimum Execution Time:107.050000
Maximum Execution Time:107.050000
Average Execution Time:107.050000
