best_sol:75 139 90 115 74 26 202 66 144 384 33 87 357 91 200 42 186 348 304 351 284 110 355 370 13 397 78 328 295 336 179 317 212 272 173 0 36 118 261 29 77 331 262 315 240 399 361 274 99 159 49 64 238 40 175 248 332 322 5 152 244 120 251 132 58 106 184 215 89 281 333 292 140 360 337 280 43 395 54 95 137 220 46 112 47 37 31 172 367 231 358 378 389 369 7 381 366 288 145 314 252 203 195 204 229 342 119 249 194 208 34 224 301 275 279 171 65 104 285 59 39 264 383 290 343 48 94 170 312 196 3 83 283 158 135 174 345 299 218 88 199 153 256 391 32 12 160 197 131 225 56 350 61 27 373 168 24 191 134 150 228 268 267 69 17 276 309 121 222 207 230 82 85 146 392 324 167 393 363 259 15 258 243 97 165 178 93 76 41 51 210 327 362 356 394 334 6 306 379 44 338 28 349 122 206 126 116 255 286 385 296 329 223 372 247 156 189 147 149 154 138 101 300 162 382 113 1 245 308 164 182 341 71 242 347 364 52 18 205 53 297 374 339 133 60 109 270 335 246 16 250 127 387 2 102 323 219 375 143 68 265 4 269 57 81 114 277 390 354 352 181 302 193 305 239 330 273 380 111 169 177 278 291 235 368 213 211 263 266 271 151 209 232 92 45 129 187 10 130 398 14 70 125 166 254 128 321 124 107 260 63 103 98 313 161 50 25 326 396 22 35 176 67 226 96 257 298 359 236 72 388 192 310 180 376 287 214 8 190 289 142 86 216 198 38 55 108 148 344 30 316 293 221 371 21 353 377 311 84 183 117 105 365 320 346 62 11 157 307 227 188 163 201 155 123 79 237 241 234 23 9 136 185 19 141 233 217 20 253 325 80 100 282 386 319 303 294 73 340 318 
exact_result:9630476  是否排列1 ax=400  bx=23834  cx=96876  obj=9630476
 ax上界求解时间：1.501000 上界花费时间：1.513000
 ax下界求解时间：1.160000 下界花费时间：1.174000 
bx上界求解时间：1.398000 上界花费时间：1.410000
 bx下界求解时间：1.308000 下界花费时间：1.321000 
模型总求解时间：11.662000  模型求解时间：5.440000 axbx上下届时间：5.992000 
***********
Minimum Execution Time:11.662000
Maximum Execution Time:11.662000
Average Execution Time:11.662000
