best_sol:489 37 96 566 320 214 461 530 510 377 306 218 192 398 375 577 471 51 304 492 113 34 232 595 265 65 325 326 2 249 547 22 229 581 464 254 451 590 58 378 55 319 458 19 533 238 27 393 256 242 279 174 394 66 386 98 447 399 441 497 234 223 337 209 508 580 260 368 422 258 110 80 528 12 211 582 188 206 75 404 567 289 481 405 69 68 570 564 108 76 286 123 40 333 472 411 21 596 380 369 78 119 268 297 92 11 324 334 301 295 168 536 599 462 61 459 309 550 74 205 166 261 449 465 237 350 122 558 225 553 94 420 593 86 3 486 189 5 347 228 355 525 222 356 276 99 64 20 269 429 239 32 527 484 587 474 403 161 31 381 466 146 9 446 82 15 216 389 203 413 483 157 335 298 195 556 202 476 485 589 150 116 456 576 60 208 230 521 522 426 548 470 454 28 126 59 303 360 156 274 143 294 363 330 513 291 137 491 104 569 173 296 103 371 358 482 129 140 141 575 154 191 176 408 259 430 44 428 170 280 352 362 512 210 175 152 366 365 235 532 285 18 407 16 85 6 253 97 502 467 414 133 134 38 56 151 572 263 46 283 183 410 190 50 29 271 114 316 379 523 417 376 163 307 167 579 73 351 169 546 565 314 457 267 397 149 323 346 213 503 535 262 79 357 4 243 160 348 159 354 127 299 349 392 45 70 518 227 480 424 180 89 562 493 427 443 42 7 93 90 475 145 10 187 164 478 236 529 139 396 561 273 197 23 91 416 318 135 557 382 496 495 463 131 71 455 423 198 287 342 353 292 591 468 48 14 278 551 436 81 498 345 171 402 385 226 584 186 52 43 343 586 506 571 288 30 531 270 138 317 554 340 117 519 435 401 387 328 312 339 588 374 112 275 469 184 217 450 257 194 255 322 244 252 563 125 370 585 434 101 118 438 248 341 336 207 199 541 178 84 185 172 158 453 200 219 511 524 361 552 460 144 215 305 220 281 504 545 594 233 240 147 308 537 313 331 193 57 201 181 62 538 412 473 437 111 311 196 136 560 162 509 372 540 39 142 439 444 53 321 13 63 310 395 115 406 479 332 100 246 373 344 515 487 245 440 578 452 500 388 568 549 391 54 182 224 95 442 573 250 574 514 367 77 25 421 477 130 24 264 0 359 120 494 598 517 433 383 35 41 542 124 33 425 505 266 445 1 8 315 583 327 384 364 36 534 539 105 153 272 448 507 555 302 544 221 212 329 520 490 247 87 49 165 26 400 121 102 128 284 499 47 488 109 290 543 179 241 415 107 204 231 67 501 88 526 293 148 132 177 338 277 106 390 83 432 516 17 431 409 251 559 418 300 72 592 597 155 419 282 
exact_result:12328321  是否排列1 ax=1104  bx=11152  cx=16513  obj=12328321
 ax上界求解时间：4.303000 上界花费时间：4.327000
 ax下界求解时间：4.013000 下界花费时间：4.038000 
bx上界求解时间：3.969000 上界花费时间：3.993000
 bx下界求解时间：4.043000 下界花费时间：4.069000 
模型总求解时间：36.236000  模型求解时间：17.975000 axbx上下届时间：17.759000 结果是否最优:y
***********
Minimum Execution Time:36.236000
Maximum Execution Time:36.236000
Average Execution Time:36.236000
