best_sol:79 106 83 152 50 161 157 162 35 45 168 78 145 65 8 167 36 30 9 47 66 62 57 87 4 14 118 39 97 38 112 148 21 28 128 143 129 153 149 76 105 25 1 197 73 27 186 117 84 34 41 68 5 40 19 179 133 11 111 165 159 163 170 48 58 135 20 116 44 195 18 51 55 3 7 74 54 49 80 81 90 15 33 12 147 60 125 137 88 89 61 59 10 99 180 136 71 176 98 151 199 22 144 113 138 24 169 110 64 146 121 82 184 160 175 172 92 140 131 93 187 100 130 108 52 23 181 75 94 53 95 150 101 0 173 193 126 46 192 122 2 70 16 72 107 26 164 32 13 102 141 171 109 177 17 183 77 104 119 158 37 91 191 174 31 103 85 154 56 185 198 188 166 69 132 123 29 139 63 127 178 42 194 115 134 156 96 142 155 189 190 124 86 196 120 114 182 6 43 67 
exact_result:773927  是否排列1 ax=200  bx=3841  cx=5727  obj=773927
 ax上界求解时间：0.269000 上界花费时间：0.277000
 ax下界求解时间：0.262000 下界花费时间：0.269000 
bx上界求解时间：0.283000 上界花费时间：0.292000
 bx下界求解时间：0.434000 下界花费时间：0.442000 
模型总求解时间：2.316000  模型求解时间：0.793000 axbx上下届时间：1.460000 结果是否最优:y
***********
Minimum Execution Time:2.316000
Maximum Execution Time:2.316000
Average Execution Time:2.316000
