best_sol:176 962 682 716 775 959 816 887 269 270 807 214 730 364 999 412 137 383 929 259 284 355 993 322 396 719 622 940 438 341 702 741 140 406 187 972 537 776 93 296 866 512 700 677 642 579 925 626 334 194 870 229 979 613 680 872 883 452 881 371 32 6 910 211 161 499 744 384 440 756 15 103 490 554 711 459 10 569 489 610 507 82 683 877 957 733 313 52 656 538 970 530 181 157 170 531 784 305 228 898 810 645 839 453 458 787 387 956 420 586 978 938 679 132 358 57 713 676 724 509 350 565 976 112 767 69 603 162 522 171 274 124 25 644 385 282 123 345 584 475 205 965 166 35 31 408 691 945 245 631 3 729 600 474 755 794 615 72 568 118 447 503 583 394 219 324 65 422 789 557 664 2 201 720 128 281 314 208 366 529 66 43 213 256 657 951 303 302 277 139 747 365 468 352 799 556 920 809 605 495 766 660 536 793 129 293 805 916 207 328 994 230 820 629 483 740 160 430 158 461 413 712 852 95 311 639 289 936 619 575 726 836 174 180 369 559 297 504 445 948 646 788 703 273 752 418 725 727 560 616 553 368 33 966 101 886 840 701 977 455 706 661 215 672 581 934 216 904 39 596 939 906 909 104 336 344 750 967 757 797 678 832 905 196 561 891 222 460 791 80 197 675 254 863 838 620 135 964 318 182 429 835 29 901 667 896 998 574 155 654 167 655 427 845 885 749 552 260 858 708 598 761 621 765 665 630 13 963 611 96 815 108 493 257 827 988 770 814 428 232 471 153 617 278 226 199 16 454 914 291 435 24 663 612 388 449 177 14 949 184 347 806 304 544 309 106 641 17 876 533 573 247 78 299 163 8 195 768 888 372 402 659 81 862 378 871 869 942 114 5 61 432 705 861 392 444 59 494 151 18 643 637 908 614 117 884 653 9 857 67 694 647 12 407 249 87 134 824 376 505 217 36 234 889 411 582 996 381 224 542 648 83 7 868 917 443 26 635 448 144 188 875 20 593 778 572 526 849 519 628 833 92 491 802 156 690 865 202 782 624 890 370 292 331 248 941 609 924 674 399 147 856 728 825 223 627 28 462 456 893 486 391 781 607 841 169 854 502 695 100 855 431 200 40 280 851 263 272 446 90 317 74 389 759 995 220 687 91 348 670 136 501 773 109 122 235 846 709 737 227 510 19 521 746 604 798 403 363 77 516 597 933 520 467 535 283 255 570 843 295 419 551 662 89 349 894 867 47 540 286 717 762 497 463 63 847 110 785 242 638 534 541 127 478 404 828 212 968 206 37 594 79 425 698 844 353 485 911 947 950 829 943 218 240 300 450 681 971 903 899 464 736 410 591 632 436 895 692 961 907 130 539 386 769 49 923 164 693 409 373 859 928 288 779 625 960 734 652 329 532 688 562 819 339 237 380 601 524 416 76 70 102 926 873 149 699 795 792 853 753 469 739 41 546 251 580 731 990 175 193 558 252 595 684 487 390 743 326 952 198 434 549 721 250 356 735 983 975 567 362 11 608 589 60 618 290 955 414 346 697 588 340 165 912 633 53 897 804 760 442 75 173 451 457 492 954 812 811 401 751 236 514 145 141 696 508 722 377 88 221 262 515 415 238 777 783 882 772 518 183 997 937 325 874 138 902 359 986 120 333 543 900 133 477 159 748 602 308 592 265 64 953 398 51 801 97 335 27 817 774 550 564 179 913 623 465 831 382 23 405 992 312 738 822 306 244 73 225 918 30 472 599 316 315 673 496 826 634 763 790 1 276 337 152 243 879 203 360 400 191 837 62 636 439 172 105 578 732 268 668 707 935 86 417 830 482 498 424 204 715 850 974 958 764 34 930 22 640 121 354 528 437 527 246 323 576 689 969 473 545 68 800 606 239 71 46 113 470 771 892 44 651 796 231 98 987 38 834 671 577 99 511 258 146 275 821 332 0 714 327 946 375 4 264 426 125 178 357 517 864 808 555 548 115 860 922 233 649 421 433 343 590 285 58 780 131 126 980 330 488 919 686 241 666 587 813 480 397 786 880 758 921 658 710 301 742 723 991 42 294 261 253 84 982 476 915 342 525 973 818 351 441 563 379 111 500 393 321 154 142 466 704 307 878 48 395 848 745 21 298 754 143 55 94 150 116 119 479 50 803 361 984 985 944 547 989 718 56 85 932 287 523 168 484 338 566 279 685 209 190 650 54 192 186 513 148 267 107 310 423 319 320 367 927 271 571 931 585 669 981 842 185 481 45 189 210 374 266 506 823 
exact_result:-584234429  是否排列1 ax=48173  bx=821  cx=-23784462  obj=-584234429
 ax上界求解时间：12.985000 上界花费时间：13.047000
 ax下界求解时间：11.782000 下界花费时间：11.844000 
bx上界求解时间：12.875000 上界花费时间：12.937000
 bx下界求解时间：12.203000 下界花费时间：12.265000 
模型总求解时间：2417.079000  模型求解时间：2361.438000 axbx上下届时间：54.172000 结果是否最优:y
***********
Minimum Execution Time:2417.079000
Maximum Execution Time:2417.079000
Average Execution Time:2417.079000