best_sol:323 380 796 44 485 694 787 362 737 322 704 38 72 563 599 349 416 523 303 489 286 770 721 710 231 455 396 379 42 675 395 126 127 350 221 436 477 196 642 388 265 308 750 618 430 762 167 125 725 582 533 519 386 243 566 511 255 270 442 79 375 214 334 652 676 317 109 539 268 673 345 644 574 39 790 780 696 478 18 11 756 451 290 500 361 575 403 318 389 717 525 708 691 722 435 669 484 144 195 510 111 64 572 688 480 112 305 666 407 608 452 257 251 684 3 329 587 454 184 594 428 98 637 75 278 532 555 685 746 253 62 679 564 347 291 752 176 558 501 735 267 534 266 719 215 16 401 108 409 641 234 197 52 173 202 343 545 767 281 715 36 579 768 788 457 147 106 367 466 703 161 12 14 33 78 158 699 417 280 611 468 159 321 502 753 320 524 779 183 261 530 366 229 328 337 778 297 190 66 365 438 659 639 709 450 219 544 520 130 595 432 136 658 128 301 632 643 22 427 21 404 254 338 283 713 695 0 760 402 82 785 645 648 376 522 505 798 166 50 499 228 319 498 745 211 518 397 141 754 6 660 697 495 657 496 460 734 355 482 591 775 10 623 398 25 503 8 687 590 218 295 580 377 610 252 556 276 727 747 368 94 565 683 48 515 170 282 348 464 370 242 222 393 689 236 58 91 296 205 614 550 135 707 96 509 751 150 97 593 425 93 142 163 140 791 794 372 332 384 686 339 102 194 206 61 88 216 233 45 53 651 309 113 81 182 629 85 172 87 49 105 439 728 124 330 7 653 357 162 104 701 232 326 120 312 553 731 601 9 119 465 292 607 35 672 552 568 426 121 174 224 2 528 782 200 294 67 77 327 240 764 702 76 371 374 492 131 298 571 547 622 258 561 175 448 615 100 743 248 171 674 13 654 138 670 479 576 433 23 390 30 542 177 415 356 315 476 123 740 616 441 331 24 230 494 467 56 116 185 92 275 15 288 406 748 677 749 577 299 772 74 387 531 378 560 640 394 139 57 155 447 506 325 17 655 408 346 656 606 289 783 26 199 795 797 461 784 418 514 250 60 638 562 313 472 627 536 481 661 592 692 238 271 143 400 584 431 358 769 383 382 765 585 274 239 37 302 437 693 443 71 369 724 598 716 193 103 548 191 744 237 424 352 619 188 391 678 456 474 662 712 122 698 54 444 588 20 213 434 264 792 340 586 311 260 546 27 55 646 154 160 630 287 596 310 589 463 212 726 110 65 730 755 419 602 192 157 690 711 633 246 617 227 634 293 181 69 570 284 490 620 245 628 235 333 621 277 168 471 241 458 210 31 156 63 148 399 4 504 513 423 115 440 178 507 535 83 537 73 90 373 186 263 671 51 758 84 559 151 273 146 300 773 664 449 667 469 521 540 649 422 223 793 766 486 137 700 578 19 341 741 723 226 392 512 491 129 733 732 462 256 776 285 650 771 600 46 344 759 420 636 605 208 279 680 604 631 269 118 706 527 774 262 739 363 459 475 551 799 187 777 429 635 40 411 497 381 742 781 445 573 681 543 663 412 28 385 353 316 718 43 549 314 169 133 567 29 209 34 470 453 107 421 225 359 70 488 86 364 597 201 203 249 351 493 307 47 149 626 446 609 217 789 603 272 134 668 99 508 324 624 32 473 763 736 410 244 180 625 516 413 204 198 613 220 761 714 682 786 554 541 354 132 89 569 152 164 581 41 487 259 153 247 414 705 729 405 336 306 68 1 360 557 526 342 483 738 189 101 95 612 517 165 720 179 583 80 335 757 665 5 304 145 207 59 647 538 114 117 529 
exact_result:-370905732  是否排列1 ax=38441  bx=713  cx=-14314165  obj=-370905732
 ax上界求解时间：7.109000 上界花费时间：7.156000
 ax下界求解时间：7.375000 下界花费时间：7.422000 
bx上界求解时间：8.937000 上界花费时间：9.000000
 bx下界求解时间：7.375000 下界花费时间：7.422000 
模型总求解时间：1062.381000  模型求解时间：1027.881000 axbx上下届时间：33.562000 结果是否最优:y
***********
Minimum Execution Time:1062.381000
Maximum Execution Time:1062.381000
Average Execution Time:1062.381000
