best_sol:363 207 428 623 455 681 572 97 454 54 462 812 766 559 563 824 687 460 549 903 248 709 432 205 753 742 254 80 283 448 588 500 403 947 965 833 84 567 371 996 740 685 83 896 196 366 679 686 692 883 561 632 416 170 518 261 695 811 370 86 525 643 808 0 394 576 743 617 125 423 424 288 521 144 502 241 436 955 106 402 235 884 324 504 160 772 279 987 621 110 928 888 447 622 505 372 814 641 640 40 517 616 541 877 466 293 589 899 711 232 560 882 362 118 975 435 88 963 574 329 64 404 173 364 929 26 767 260 894 352 897 532 148 830 225 881 729 307 239 138 974 167 458 300 512 263 188 41 60 537 962 630 613 507 923 487 439 495 314 152 281 819 995 760 602 805 684 788 398 214 699 147 970 457 243 493 361 140 434 693 892 727 700 857 104 690 175 817 980 401 488 942 655 385 29 112 3 668 382 236 516 993 136 395 838 658 701 420 619 146 615 151 441 496 855 119 172 774 878 159 33 957 22 858 156 280 478 889 476 870 856 698 626 593 50 213 887 591 120 677 305 671 915 578 90 865 242 798 379 85 705 396 803 199 211 412 652 347 165 744 202 419 651 937 422 951 905 935 569 258 916 131 634 848 904 535 203 335 592 694 266 268 722 452 710 596 762 731 433 584 807 444 797 861 598 771 866 691 472 193 330 143 750 176 178 851 220 557 794 103 304 944 62 74 844 445 985 545 400 552 484 339 789 137 94 216 252 554 32 524 122 936 407 301 920 973 221 128 270 102 662 735 99 284 168 135 273 4 464 491 886 801 724 130 644 725 82 966 342 228 982 354 754 663 793 885 440 187 934 718 733 553 59 799 874 183 568 426 158 336 649 317 645 298 25 548 781 717 605 673 171 919 253 348 689 208 244 69 573 113 262 863 579 748 294 575 63 387 820 828 133 19 680 639 843 429 179 862 890 346 164 997 12 515 635 393 38 327 542 600 150 66 976 682 377 522 180 299 835 107 115 129 278 46 964 845 9 728 185 940 21 971 595 850 431 100 726 480 610 316 546 672 485 71 210 911 224 479 867 446 949 490 162 625 829 256 924 581 594 155 467 5 78 37 796 14 967 43 276 8 990 355 75 375 666 154 647 246 245 35 182 124 604 449 795 45 326 231 908 126 520 89 543 688 200 184 10 534 514 721 713 939 111 11 378 800 847 816 720 238 39 30 357 660 926 96 389 747 127 943 72 482 465 289 68 251 223 450 501 226 601 108 906 806 785 161 93 406 36 823 198 603 773 836 770 606 653 765 91 629 675 247 204 921 818 708 564 599 166 95 577 787 471 386 933 269 310 624 749 6 237 950 872 768 264 776 956 503 659 636 714 825 349 497 961 968 925 356 648 739 979 826 556 702 368 323 257 538 769 470 737 763 31 873 134 421 792 859 303 664 139 607 531 418 271 177 265 815 319 703 914 296 670 667 312 295 832 784 918 292 153 87 34 70 804 405 879 325 716 852 57 77 758 712 415 275 704 612 751 618 320 786 945 469 778 994 707 791 201 938 414 854 587 822 620 898 627 533 373 55 631 367 52 456 665 759 539 734 384 555 931 351 755 790 79 334 409 343 909 374 998 597 337 227 274 217 290 222 81 438 813 611 219 547 340 960 730 782 48 332 267 738 383 901 991 331 277 989 186 380 650 13 302 475 802 775 365 732 309 900 240 194 230 105 930 250 895 697 696 637 282 529 483 191 810 291 913 92 132 410 719 779 345 907 53 498 876 145 992 218 350 397 510 392 586 526 486 959 67 413 509 344 860 571 306 461 827 141 442 954 669 142 215 834 656 381 506 736 590 628 388 286 76 910 189 174 123 519 837 969 853 864 715 741 18 869 723 58 285 585 311 839 23 459 633 530 195 49 562 376 197 953 391 544 661 752 558 570 654 73 875 912 932 249 308 287 902 51 948 871 322 117 809 437 583 981 999 984 481 358 756 646 15 109 56 477 417 988 494 318 169 47 212 259 891 642 550 328 777 609 411 972 608 528 474 880 27 638 513 922 20 338 540 333 946 360 489 821 101 17 977 536 121 657 676 425 209 181 780 952 983 674 451 757 206 2 927 582 849 44 566 511 313 116 492 678 706 427 61 28 369 1 978 149 297 443 98 580 408 986 842 468 7 893 841 831 941 229 353 399 499 234 114 917 840 190 527 163 783 24 272 764 453 551 390 746 321 255 473 16 65 683 761 463 614 565 868 359 846 315 523 745 233 430 508 192 42 958 157 341 
exact_result:32905292  是否排列1 ax=2744  bx=11984  cx=21196  obj=32905292
 ax上界求解时间：13.984000 上界花费时间：14.039000
 ax下界求解时间：13.080000 下界花费时间：13.138000 
bx上界求解时间：13.312000 上界花费时间：13.373000
 bx下界求解时间：14.941000 下界花费时间：15.035000 
模型总求解时间：151.001000  模型求解时间：89.935000 axbx上下届时间：59.609000 结果是否最优:y
***********
Minimum Execution Time:151.001000
Maximum Execution Time:151.001000
Average Execution Time:151.001000
