Dual steepest-edge pricing selected.
Clique table members: 3600.
MIP emphasis: balance optimality and feasibility.
MIP search method: dynamic search.
Parallel mode: deterministic, using up to 6 threads.
Root relaxation solution time = 43.44 sec. (18826.66 ticks)

        Nodes                                         Cuts/
   Node  Left     Objective  IInf  Best Integer    Best Bound    ItCnt     Gap

      0     0 -8.80060e+009     4               -8.80060e+009     9839         
      0     0 -8.80056e+009    74                  MIRcuts: 1     9947         
Elapsed time = 34.16 sec. (10114.41 ticks) for 51 of 74 candidates for Gomory cuts
      0     0 -8.80055e+009   317                  MIRcuts: 1     9974         
      0     2 -8.80055e+009   317               -8.80055e+009     9974         
Elapsed time = 195.86 sec. (87433.85 ticks, tree = 0.01 MB, solutions = 0)
      1     3 -8.80055e+009   177               -8.80055e+009     9980         
      2     4 -8.80055e+009   196               -8.80055e+009     9995         
      3     5 -8.59752e+009     2               -8.80052e+009    12662         
      4     6 -8.59751e+009     2               -8.80052e+009    15412         
      5     7 -2.82020e+009    79               -8.80052e+009    58516         
      6     8 -8.59751e+009     2               -8.80052e+009    58517         
      7     9 -2.82020e+009    55               -8.80052e+009    58532         
      8    10 -8.59752e+009     2               -8.79823e+009    58533         
      9     9    infeasible                     -8.79823e+009    67156         
     10    10 -2.82020e+009    35               -8.79823e+009    67211         
Elapsed time = 720.94 sec. (553812.63 ticks, tree = 0.01 MB, solutions = 0)
     11    11 -2.82020e+009    37               -8.79823e+009    67261         
     12    10    infeasible                     -8.79823e+009    75038         
     13    11 -6.54473e+009   139               -8.79823e+009   108917         
     14    12 -2.82020e+009    67               -8.79823e+009   108951         
     15    12 -6.54462e+009    77               -8.79823e+009   143564         
     16    13 -4.03958e+009   197               -8.79823e+009   186304         
     17    13 -6.54473e+009    97               -8.79823e+009   186336         
     18    14 -2.82020e+009    37               -8.79823e+009   186413         
     19    15 -2.82020e+009    71               -8.79823e+009   186438         
     20    16 -2.82020e+009    37               -8.79823e+009   186493         
Elapsed time = 1682.81 sec. (878824.29 ticks, tree = 0.01 MB, solutions = 0)
     21    16 -6.54473e+009    99               -8.79823e+009   186497         
     22    17 -2.82020e+009   101               -8.79823e+009   186580         
     23    18 -2.82020e+009    45               -8.79823e+009   186588         
     24    19 -2.82020e+009   113               -8.79823e+009   186653         
     25    20 -2.82020e+009    89               -8.79823e+009   186727         
     26    21 -4.03958e+009   149               -8.79823e+009   186748         
     27    22 -4.03958e+009   125               -8.79823e+009   228487         
     28    23 -2.82020e+009   127               -8.79823e+009   228569         
     29    24 -2.82020e+009    43               -8.79823e+009   228587         
     30    25 -2.82020e+009    31               -8.79823e+009   228600         
Elapsed time = 2238.50 sec. (1311448.39 ticks, tree = 0.01 MB, solutions = 0)
     31    26 -2.82020e+009    71               -8.79823e+009   228679         
     32    27 -4.03958e+009   135               -8.79823e+009   228765         
     33    28 -2.82020e+009    53               -8.79823e+009   228816         
     34    29 -2.82020e+009    27               -8.79823e+009   228817         
     35    30 -2.82020e+009    69               -8.79823e+009   228835         
     36    31 -2.82020e+009    47               -8.79823e+009   228975         
     37    32 -4.03958e+009    75               -8.79823e+009   228985         
     38    33 -2.82020e+009    39               -8.79823e+009   229062         
     39    34 -2.82020e+009    67               -8.79823e+009   229082         
     40    35 -2.82020e+009    87               -8.79823e+009   229246         
Elapsed time = 2238.50 sec. (1424601.40 ticks, tree = 0.01 MB, solutions = 0)
     41    36 -2.82020e+009    37               -8.79823e+009   229262         
     42    37 -4.03958e+009   102               -8.79823e+009   229263         
     43    38 -2.82020e+009    27               -8.79823e+009   229355         
     44    39 -2.82020e+009   109               -8.79823e+009   229453         
     45    40 -2.82020e+009    43               -8.79823e+009   229558         
     46    41 -2.82020e+009    95               -8.79823e+009   229580         
     47    42 -4.03958e+009   100               -8.79823e+009   229706         
     48    43 -4.03958e+009   185               -8.79823e+009   229799         
     49    44 -2.82020e+009   113               -8.79823e+009   230149         
     50    45 -2.82020e+009    69               -8.79823e+009   230172         
Elapsed time = 2358.92 sec. (1625778.67 ticks, tree = 0.01 MB, solutions = 0)
     51    46 -2.82020e+009    77               -8.79823e+009   230188         
     52    47 -2.82020e+009    47               -8.79823e+009   230248         
     53    48 -4.03958e+009   127               -8.79823e+009   230299         
     54    49 -4.03958e+009   197               -8.79823e+009   230326         
     55    50 -2.82020e+009   117               -8.79823e+009   230327         
     56    51 -2.82020e+009   111               -8.79823e+009   230485         
     57    52 -2.82020e+009    41               -8.79823e+009   230565         
     58    53 -2.82020e+009    39               -8.79823e+009   230597         
     59    54 -4.03958e+009   116               -8.79823e+009   230620         
     60    55 -4.03958e+009   151               -8.79823e+009   230687         
Elapsed time = 2616.94 sec. (1796433.77 ticks, tree = 0.01 MB, solutions = 0)
     61    56 -2.82020e+009   119               -8.79823e+009   230933         
     62    57 -2.82020e+009    57               -8.79823e+009   230946         
     63    58 -2.82020e+009    93               -8.79823e+009   231017         
     64    59 -2.82020e+009    31               -8.79823e+009   231121         
     65    60 -4.03958e+009   124               -8.79823e+009   231167         
     66    61 -2.82020e+009   105               -8.79823e+009   231207         
     67    62 -2.82020e+009    85               -8.79823e+009   231304         
     68    63 -2.82020e+009    59               -8.79823e+009   231309         
     69    64 -2.82020e+009    47               -8.79823e+009   231355         
     70    65 -4.03958e+009   171               -8.79823e+009   231403         
Elapsed time = 2649.41 sec. (1796433.77 ticks, tree = 0.01 MB, solutions = 0)
     71    66 -2.82020e+009    53               -8.79823e+009   231456         
     72    67 -2.82020e+009    77               -8.79823e+009   231482         
     73    68 -2.82020e+009   105               -8.79823e+009   231502         
     74    69 -2.82020e+009    35               -8.79823e+009   231636         
     75    70 -4.03958e+009   169               -8.79823e+009   231675         
     76    71 -2.82020e+009    49               -8.79823e+009   231684         
     77    72 -2.82020e+009    43               -8.79823e+009   231708         
     78    73 -2.82020e+009    35               -8.79823e+009   231777         
     79    74 -2.82020e+009    95               -8.79823e+009   232014         
     80    75 -2.82020e+009    99               -8.79823e+009   232054         
Elapsed time = 2649.41 sec. (1796433.77 ticks, tree = 0.01 MB, solutions = 0)
     81    76 -2.82020e+009   123               -8.79823e+009   232122         
     82    77 -2.82020e+009    53               -8.79823e+009   232181         
     83    78 -2.82020e+009    35               -8.79823e+009   232207         
     84    79 -2.82020e+009    83               -8.79823e+009   232420         
     85    80 -2.82020e+009    49               -8.79823e+009   232438         
     86    81 -2.82020e+009    93               -8.79823e+009   232479         
     87    82 -2.82020e+009   107               -8.79823e+009   232512         
     88    83 -2.82020e+009   101               -8.79823e+009   232639         
     89    84 -2.82020e+009    59               -8.79823e+009   232642         
     90    85 -2.82020e+009    51               -8.79823e+009   232744         
Elapsed time = 2649.41 sec. (1796433.77 ticks, tree = 0.01 MB, solutions = 0)
     91    86 -2.82020e+009   105               -8.79823e+009   232911         
     92    87 -2.82020e+009    95               -8.79823e+009   232951         
     93    88 -2.82020e+009    73               -8.79823e+009   233015         
     94    89 -2.82020e+009    65               -8.79823e+009   233219         
     95    90 -2.82020e+009    75               -8.79823e+009   233258         
     96    91 -2.82020e+009    57               -8.79823e+009   233286         
     97    92 -2.82020e+009    87               -8.79823e+009   233342         
     98    93 -2.82020e+009    89               -8.79823e+009   233375         
     99    94 -2.82020e+009    59               -8.79823e+009   233613         
    100    95 -2.82020e+009    65               -8.79823e+009   233626         
Elapsed time = 2649.41 sec. (1796433.77 ticks, tree = 0.01 MB, solutions = 0)
    101    96 -2.82020e+009   111               -8.79823e+009   233686         
    102    97 -2.82020e+009    83               -8.79823e+009   233699         
    103    98 -2.82020e+009   115               -8.79823e+009   233708         
    104    99 -2.82020e+009    89               -8.79823e+009   233722         
    105   100 -4.03958e+009   189               -8.79823e+009   233860         
    106   101 -4.03958e+009   157               -8.79823e+009   233862         
    107   102 -2.82020e+009    47               -8.79823e+009   233865         
    108   103 -2.82020e+009   133               -8.79823e+009   234013         
    109   104 -2.82020e+009    59               -8.79823e+009   234041         
    110   105 -2.82020e+009    89               -8.79823e+009   234104         
Elapsed time = 2828.55 sec. (1826085.60 ticks, tree = 0.01 MB, solutions = 0)
    111   106 -4.03958e+009   153               -8.79823e+009   234132         
    112   107 -4.03958e+009   199               -8.79823e+009   234270         
    113   108 -2.82020e+009    81               -8.79823e+009   234324         
    114   109 -2.82020e+009    13               -8.79823e+009   234465         
    115   110 -2.82020e+009    83               -8.79823e+009   234498         
    116   111 -2.82020e+009    75               -8.79823e+009   234532         
    117   112 -4.03958e+009   169               -8.79823e+009   234546         
    118   113 -4.03958e+009   193               -8.79823e+009   234594         
    119   114 -2.82020e+009    57               -8.79823e+009   234664         
    120   115 -2.82020e+009    81               -8.79823e+009   234756         
Elapsed time = 2919.33 sec. (1855294.20 ticks, tree = 0.01 MB, solutions = 0)
    121   116 -2.82020e+009    55               -8.79823e+009   234841         
    122   117 -2.82020e+009    61               -8.79823e+009   234892         
    123   118 -4.03958e+009   119               -8.79823e+009   234969         
    124   119 -4.03958e+009    85               -8.79823e+009   234986         
    125   120 -2.82020e+009    45               -8.79823e+009   235014         
    126   121 -2.82020e+009    21               -8.79823e+009   235194         
    127   122 -2.82020e+009    49               -8.79823e+009   235256         
    128   123 -2.82020e+009    49               -8.79823e+009   235372         
    129   124 -4.03958e+009   117               -8.79823e+009   235453         
    130   125 -4.03958e+009   181               -8.79823e+009   235565         
Elapsed time = 3067.17 sec. (2020398.89 ticks, tree = 0.01 MB, solutions = 0)
    131   126 -2.82020e+009    47               -8.79823e+009   235651         
    132   127 -2.82020e+009    65               -8.79823e+009   235661         
    133   128 -2.82020e+009    45               -8.79823e+009   235667         
    134   129 -2.82020e+009    61               -8.79823e+009   235671         
    135   130 -4.03958e+009   126               -8.79823e+009   235771         
    136   131 -4.03958e+009   181               -8.79823e+009   235788         
    137   132 -2.82020e+009    67               -8.79823e+009   235868         
    138   133 -2.82020e+009    27               -8.79823e+009   235888         
    139   134 -2.82020e+009   181               -8.79823e+009   235907         
    140   135 -2.82020e+009    43               -8.79823e+009   235948         
Elapsed time = 3118.97 sec. (2020398.89 ticks, tree = 0.01 MB, solutions = 0)
    141   136 -4.03958e+009    95               -8.79823e+009   236053         
    142   137 -2.82020e+009    79               -8.79823e+009   236092         
    143   138 -2.82020e+009    83               -8.79823e+009   236099         
    144   139 -2.82020e+009   145               -8.79823e+009   236103         
    145   140 -2.82020e+009    61               -8.79823e+009   236154         
    146   141 -2.82020e+009    41               -8.79823e+009   236264         
    147   142 -2.82020e+009    83               -8.79823e+009   236402         
    148   143 -2.82020e+009    89               -8.79823e+009   236407         
    149   144 -2.82020e+009    57               -8.79823e+009   236518         
    150   145 -2.82020e+009    79               -8.79823e+009   236521         
Elapsed time = 3118.97 sec. (2020398.89 ticks, tree = 0.01 MB, solutions = 0)
    151   146 -2.82020e+009    49               -8.79823e+009   236526         
    152   147 -2.82020e+009    73               -8.79823e+009   236600         
    153   148 -2.82020e+009    59               -8.79823e+009   236676         
    154   149 -2.82020e+009    49               -8.79823e+009   236944         
    155   150 -2.82020e+009    47               -8.79823e+009   237072         
    156   151 -2.82020e+009   137               -8.79823e+009   237133         
    157   152 -2.82020e+009   143               -8.79823e+009   237220         
    158   153 -2.82020e+009    59               -8.79823e+009   237226         
    159   154 -2.82020e+009    41               -8.79823e+009   237371         
    160   155 -2.82020e+009   139               -8.79823e+009   237463         
Elapsed time = 3118.97 sec. (2020398.89 ticks, tree = 0.01 MB, solutions = 0)
    161   156 -2.82020e+009    51               -8.79823e+009   237613         
    162   157 -2.82020e+009    49               -8.79823e+009   237762         
    163   158 -2.82020e+009    87               -8.79823e+009   237804         
    164   159 -2.82020e+009   181               -8.79823e+009   237816         
    165   160 -2.82020e+009    27               -8.79823e+009   237830         
    166   161 -2.82020e+009    35               -8.79823e+009   237853         
    167   162 -2.82020e+009   101               -8.79823e+009   237864         
    168   163 -2.82020e+009    59               -8.79823e+009   237965         
    169   164 -2.82020e+009    99               -8.79823e+009   237977         
    170   165 -2.82020e+009    59               -8.79823e+009   237987         
Elapsed time = 3118.97 sec. (2020398.89 ticks, tree = 0.01 MB, solutions = 0)
    171   166 -2.82020e+009    37               -8.79823e+009   238024         
    172   167 -2.82020e+009    51               -8.79823e+009   238092         
    173   168 -2.82020e+009    93               -8.79823e+009   238135         
    174   169 -2.82020e+009    23               -8.79823e+009   238233         
    175   170 -2.82020e+009    81               -8.79823e+009   238337         
    176   171 -2.82020e+009   127               -8.79823e+009   238397         
    177   172 -2.82020e+009    65               -8.79823e+009   238491         
    178   173 -2.82020e+009    59               -8.79823e+009   238590         
    179   174 -2.82020e+009    73               -8.79823e+009   238627         
    180   175 -2.82020e+009   113               -8.79823e+009   238630         
Elapsed time = 3118.97 sec. (2020398.89 ticks, tree = 0.01 MB, solutions = 0)
    181   176 -2.82020e+009    85               -8.79823e+009   238631         
    182   177 -2.82020e+009    65               -8.79823e+009   238721         
    183   178 -2.82020e+009    49               -8.79823e+009   238731         
    184   179 -2.82020e+009    63               -8.79823e+009   238736         
    185   180 -2.82020e+009   105               -8.79823e+009   238878         
    186   181 -2.82020e+009    21               -8.79823e+009   238901         
    187   182 -2.82020e+009    97               -8.79823e+009   239106         
    188   183 -2.82020e+009    67               -8.79823e+009   239118         
    189   184 -2.82020e+009    75               -8.79823e+009   239183         
    190   185 -2.82020e+009    83               -8.79823e+009   239309         
Elapsed time = 3118.97 sec. (2020398.89 ticks, tree = 0.01 MB, solutions = 0)
    191   186 -2.82020e+009   133               -8.79823e+009   239429         
    192   187 -2.82020e+009    67               -8.79823e+009   239649         
    193   188 -2.82020e+009    73               -8.79823e+009   239667         
    194   189 -2.82020e+009    53               -8.79823e+009   239704         
    195   190 -2.82020e+009    83               -8.79823e+009   239719         
    196   191 -2.82020e+009    59               -8.79823e+009   239859         
    197   192 -2.82020e+009    53               -8.79823e+009   239884         
    198   193 -2.82020e+009    95               -8.79823e+009   239933         
    199   194 -2.82020e+009   133               -8.79823e+009   240029         
    200   195 -2.82020e+009    87               -8.79823e+009   240122         
Elapsed time = 3118.97 sec. (2020398.89 ticks, tree = 0.01 MB, solutions = 0)
    201   196 -2.82020e+009    85               -8.79823e+009   240150         
    202   197 -2.82020e+009    75               -8.79823e+009   240153         
    203   198 -2.82020e+009    69               -8.79823e+009   240165         
    204   199 -2.82020e+009   103               -8.79823e+009   240172         
    205   200 -2.82020e+009    55               -8.79823e+009   240316         
    206   201 -4.03958e+009   170               -8.79823e+009   240321         
    207   202 -4.03958e+009   169               -8.79823e+009   240353         
    208   203 -2.82020e+009    93               -8.79823e+009   240364         
    209   204 -2.82020e+009   103               -8.79823e+009   240448         
    210   205 -2.82020e+009   111               -8.79823e+009   240536         
Elapsed time = 3138.42 sec. (2066691.60 ticks, tree = 48.68 MB, solutions = 0)
    211   206 -2.82020e+009    93               -8.79823e+009   240768         
    212   207 -4.03958e+009   147               -8.79823e+009   240773         
    213   208 -4.03958e+009   135               -8.79823e+009   240903         
    214   209 -2.82020e+009    51               -8.79823e+009   241190         
    215   210 -2.82020e+009    91               -8.79823e+009   241204         
    216   211 -2.82020e+009    89               -8.79823e+009   241234         
    217   212 -2.82020e+009    41               -8.79823e+009   241272         
    218   213 -4.03958e+009   155               -8.79823e+009   241424         
    219   214 -4.03958e+009   155               -8.79823e+009   241436         
    220   215 -2.82020e+009    25               -8.79823e+009   241496         
Elapsed time = 3246.95 sec. (2083619.02 ticks, tree = 48.68 MB, solutions = 0)
    221   216 -2.82020e+009   129               -8.79823e+009   241512         
    222   217 -2.82020e+009   161               -8.79823e+009   241734         
    223   218 -2.82020e+009    45               -8.79823e+009   241742         
    224   219 -4.03958e+009   112               -8.79823e+009   241848         
    225   220 -4.03958e+009   171               -8.79823e+009   241893         
    226   221 -2.82020e+009    85               -8.79823e+009   242201         
    227   222 -2.82020e+009    93               -8.79823e+009   242272         
    228   223 -2.82020e+009   105               -8.79823e+009   242283         
    229   224 -2.82020e+009    33               -8.79823e+009   242379         
    230   225 -4.03958e+009   137               -8.79823e+009   242418         
Elapsed time = 3317.03 sec. (2154214.71 ticks, tree = 48.68 MB, solutions = 0)
    231   226 -4.03958e+009   125               -8.79823e+009   242484         
    232   227 -2.82020e+009   135               -8.79823e+009   242506         
    233   228 -2.82020e+009    95               -8.79823e+009   242557         
    234   229 -2.82020e+009   101               -8.79823e+009   242789         
    235   230 -2.82020e+009    65               -8.79823e+009   242790         
    236   231 -4.03958e+009    89               -8.79823e+009   242879         
    237   232 -4.03958e+009   103               -8.79823e+009   242941         
    238   233 -2.82020e+009    25               -8.79823e+009   243065         
    239   234 -2.82020e+009    61               -8.79823e+009   243185         
    240   235 -2.82020e+009   117               -8.79823e+009   243189         
Elapsed time = 3407.30 sec. (2154214.71 ticks, tree = 48.68 MB, solutions = 0)
    241   236 -2.82020e+009   149               -8.79823e+009   243329         
    242   237 -4.03958e+009   107               -8.79823e+009   243355         
    243   238 -4.03958e+009   111               -8.79823e+009   243377         
    244   239 -2.82020e+009   103               -8.79823e+009   243378         
    245   240 -2.82020e+009    53               -8.79823e+009   243388         
    246   241 -2.82020e+009    39               -8.79823e+009   243390         
    247   242 -2.82020e+009    53               -8.79823e+009   243412         
    248   243 -4.03958e+009    96               -8.79823e+009   243540         
    249   244 -4.03958e+009   137               -8.79823e+009   243640         
    250   245 -2.82020e+009    95               -8.79823e+009   243820         
Elapsed time = 3456.83 sec. (2154214.71 ticks, tree = 48.68 MB, solutions = 0)
    251   246 -2.82020e+009    75               -8.79823e+009   243851         
    252   247 -2.82020e+009    11               -8.79823e+009   244046         
    253   248 -2.82020e+009    55               -8.79823e+009   244136         
    254   249 -4.03958e+009   165               -8.79823e+009   244153         
    255   250 -2.82020e+009    27               -8.79823e+009   244200         
    256   251 -2.82020e+009    41               -8.79823e+009   244251         
    257   252 -2.82020e+009    27               -8.79823e+009   244273         
    258   253 -2.82020e+009    11               -8.79823e+009   244302         
    259   254 -4.03958e+009    95               -8.79823e+009   244415         
    260   255 -2.82020e+009    31               -8.79823e+009   244554         
Elapsed time = 3456.84 sec. (2154668.14 ticks, tree = 48.68 MB, solutions = 0)
    261   256 -2.82020e+009   127               -8.79823e+009   244656         
    262   257 -2.82020e+009    79               -8.79823e+009   244719         
    263   258 -2.82020e+009    55               -8.79823e+009   244720         
    264   259 -2.82020e+009    67               -8.79823e+009   244733         
    265   260 -2.82020e+009    63               -8.79823e+009   244815         
    266   261 -2.82020e+009    29               -8.79823e+009   244841         
    267   262 -2.82020e+009    65               -8.79823e+009   245043         
    268   263 -2.82020e+009    55               -8.79823e+009   245073         
    269   264 -2.82020e+009    51               -8.79823e+009   245335         
    270   265 -2.82020e+009    89               -8.79823e+009   245444         
Elapsed time = 3456.84 sec. (2163688.76 ticks, tree = 48.68 MB, solutions = 0)
    271   266 -2.82020e+009    69               -8.79823e+009   245472         
    272   267 -2.82020e+009    25               -8.79823e+009   245493         
    273   268 -2.82020e+009   109               -8.79823e+009   245515         
    274   269 -2.82020e+009    47               -8.79823e+009   245606         
    275   270 -2.82020e+009    55               -8.79823e+009   245798         
    276   271 -2.82020e+009    35               -8.79823e+009   245838         
    277   272 -2.82020e+009    33               -8.79823e+009   245902         
    278   273 -2.82020e+009   109               -8.79823e+009   246013         
    279   274 -2.82020e+009    73               -8.79823e+009   246014         
    280   275 -2.82020e+009    93               -8.79823e+009   246069         
Elapsed time = 3456.84 sec. (2172483.58 ticks, tree = 48.68 MB, solutions = 0)
    281   276 -2.82020e+009   133               -8.79823e+009   246188         
    282   277 -2.82020e+009   107               -8.79823e+009   246318         
    283   278 -2.82020e+009   103               -8.79823e+009   246498         
    284   279 -2.82020e+009    97               -8.79823e+009   246596         
    285   280 -2.82020e+009   133               -8.79823e+009   246599         
    286   281 -2.82020e+009   125               -8.79823e+009   246655         
    287   282 -2.82020e+009   123               -8.79823e+009   246736         
    288   283 -2.82020e+009   111               -8.79823e+009   246741         
    289   284 -2.82020e+009    79               -8.79823e+009   246743         
    290   285 -2.82020e+009    31               -8.79823e+009   246786         
Elapsed time = 3456.84 sec. (2198747.77 ticks, tree = 48.68 MB, solutions = 0)
    291   286 -2.82020e+009   107               -8.79823e+009   246829         
    292   287 -2.82020e+009    25               -8.79823e+009   246849         
    293   288 -2.82020e+009    21               -8.79823e+009   246883         
    294   289 -2.82020e+009    11               -8.79823e+009   246967         
    295   290 -4.03958e+009   133               -8.79823e+009   247014         
    296   291 -4.03958e+009   155               -8.79823e+009   247084         
    297   292 -2.82020e+009    69               -8.79823e+009   247132         
    298   293 -2.82020e+009    49               -8.79823e+009   247259         
    299   294 -2.82020e+009   123               -8.79823e+009   247263         
    300   295 -2.82020e+009    65               -8.79823e+009   247500         
Elapsed time = 3498.33 sec. (2245575.27 ticks, tree = 137.17 MB, solutions = 0)
    301   296 -4.03958e+009    98               -8.79823e+009   247567         
    302   297 -4.03958e+009   159               -8.79823e+009   247691         
    303   298 -2.82020e+009    51               -8.79823e+009   247726         
    304   299 -2.82020e+009    25               -8.79823e+009   247746         
    305   300 -2.82020e+009    97               -8.79823e+009   247761         
    306   301 -2.82020e+009   127               -8.79823e+009   247917         
    307   302 -4.03958e+009   161               -8.79823e+009   247995         
    308   303 -4.03958e+009   181               -8.79823e+009   248019         
    309   304 -2.82020e+009    35               -8.79823e+009   248125         
    310   305 -2.82020e+009    51               -8.79823e+009   248241         
Elapsed time = 3576.91 sec. (2251751.14 ticks, tree = 137.17 MB, solutions = 0)
    311   306 -2.82020e+009    67               -8.79823e+009   248247         
    312   307 -2.82020e+009    65               -8.79823e+009   248260         
    313   308 -4.03958e+009   112               -8.79823e+009   248270         
    314   309 -4.03958e+009   157               -8.79823e+009   248301         
    315   310 -2.82020e+009    85               -8.79823e+009   248314         
    316   311 -2.82020e+009    65               -8.79823e+009   248428         
    317   312 -2.82020e+009    55               -8.79823e+009   248695         
    318   313 -2.82020e+009    55               -8.79823e+009   248704         
    319   314 -4.03958e+009   239               -8.79823e+009   248729         
    320   315 -2.82020e+009    61               -8.79823e+009   248876         
Elapsed time = 3600.22 sec. (2273641.60 ticks, tree = 137.17 MB, solutions = 0)
    321   316 -2.82020e+009    31               -8.79823e+009   248910         
    322   317 -2.82020e+009    97               -8.79823e+009   248915         
    323   318 -4.03958e+009   151               -8.79823e+009   249084         
    324   319 -2.82020e+009   171               -8.79823e+009   249101         
    325   320 -2.82020e+009    65               -8.79823e+009   249205         
    326   321 -2.82020e+009    97               -8.79823e+009   249382         
    327   322 -4.03958e+009   131               -8.79823e+009   249440         
    328   323 -2.82020e+009    89               -8.79823e+009   249754         
    329   324 -2.82020e+009    61               -8.79823e+009   249827         

Mixed integer rounding cuts applied:  2

Root node processing (before b&c):
  Real time             =  185.30 sec. (85238.47 ticks)
Parallel b&c, 6 threads:
  Real time             = 3416.66 sec. (2218227.39 ticks)
  Sync time (average)   = 1211.33 sec.
  Wait time (average)   = 1211.82 sec.
                          ------------
Total (root+branch&cut) = 3601.95 sec. (2303465.86 ticks)
