
best_sol:326 280 454 303 277 126 288 34 261 147 506 62 198 308 254 188 56 226 47 99 535 345 104 400 132 425 429 19 92 477 111 148 456 413 131 262 365 242 249 423 396 518 409 44 46 149 368 469 58 342 257 153 117 259 211 221 517 511 380 293 13 367 455 118 448 595 112 285 155 180 333 43 327 239 250 171 451 445 478 401 597 418 28 298 573 107 157 529 300 360 319 530 85 422 48 193 290 76 264 421 398 279 158 191 222 503 550 218 134 297 11 555 29 238 86 289 307 100 10 164 525 390 213 94 495 122 426 446 243 318 154 481 248 311 325 484 548 212 453 182 314 54 363 168 486 560 50 490 516 339 335 581 330 338 167 373 268 37 391 256 356 33 522 437 231 544 35 590 1 541 361 474 412 274 376 172 465 556 564 301 524 316 436 140 447 281 2 532 235 434 17 161 103 144 169 574 179 346 64 428 121 190 350 468 354 347 80 521 499 349 163 201 215 6 406 247 45 539 382 508 366 592 480 444 449 554 312 72 91 416 452 265 488 101 533 113 214 383 575 229 599 384 512 430 95 217 463 344 176 197 472 87 89 538 566 67 493 343 476 55 543 74 571 562 485 527 315 138 57 7 150 523 39 12 105 102 531 578 389 359 374 269 170 142 61 402 369 93 224 579 462 51 21 433 515 26 194 27 260 127 68 309 136 295 505 519 329 411 586 20 475 362 63 324 9 305 98 580 371 178 377 585 205 431 286 323 509 192 273 341 230 567 427 175 177 583 234 414 78 438 419 22 114 152 236 73 124 210 372 283 223 16 526 500 270 240 79 53 189 340 317 137 504 570 83 561 328 306 569 90 322 424 165 162 568 52 553 549 510 501 208 473 36 502 392 145 294 387 258 441 119 487 237 348 364 246 195 199 594 393 166 187 410 120 584 42 381 513 497 225 483 450 546 332 313 304 440 420 8 507 460 572 159 552 116 24 75 545 204 457 156 151 216 443 379 514 467 461 388 299 355 125 233 565 540 209 253 336 321 173 395 40 32 4 593 464 404 0 81 184 69 537 143 23 96 520 302 439 228 432 110 536 206 435 255 587 375 185 547 588 128 71 183 589 591 77 219 59 65 482 88 30 135 5 174 458 292 397 220 203 417 38 271 139 287 272 494 123 227 470 596 577 282 370 459 576 385 352 207 82 296 141 60 200 466 3 146 408 559 41 266 129 582 320 241 353 386 407 492 181 479 70 489 334 130 49 405 378 498 25 358 202 115 244 558 278 133 263 415 106 291 491 196 598 186 442 403 267 557 551 84 276 471 563 251 160 109 14 31 528 331 496 542 232 15 97 310 534 245 108 357 399 351 394 275 284 252 18 66 337 
exact_result:-203526001  是否排列1 ax=28674  bx=731  cx=-8486695  obj=-203526001
 ax上界求解时间：4.233000 上界花费时间：4.269000
 ax下界求解时间：4.032000 下界花费时间：4.070000 
bx上界求解时间：4.393000 上界花费时间：4.429000
 bx下界求解时间：4.011000 下界花费时间：4.048000 
模型总求解时间：656.843000  模型求解时间：633.138000 axbx上下届时间：18.510000 结果是否最优:y
***********
Minimum Execution Time:656.843000
Maximum Execution Time:656.843000
Average Execution Time:656.843000
best_sol:326 280 454 303 277 126 288 34 261 147 506 62 198 308 254 188 56 226 47 99 535 345 104 400 132 425 429 19 92 477 111 148 456 413 131 262 365 242 249 423 396 518 409 44 46 149 368 469 58 342 257 153 117 259 211 221 517 511 380 293 13 367 455 118 448 595 112 285 155 180 333 43 327 239 250 171 451 445 478 401 597 418 28 298 573 107 157 529 300 360 319 530 85 422 48 193 290 76 264 421 398 279 158 191 222 503 550 218 134 11 377 555 29 238 86 289 307 100 10 164 525 390 213 94 495 122 426 446 243 318 154 481 248 311 325 484 548 212 453 182 314 54 363 168 486 560 50 490 516 339 335 581 330 338 167 373 268 37 391 256 356 33 522 437 231 544 35 590 1 541 361 474 412 274 376 172 465 556 564 301 524 316 436 140 447 281 2 532 235 434 17 161 103 144 169 574 179 346 64 428 121 492 350 468 354 347 80 521 499 349 163 201 215 6 38 247 45 539 382 508 366 592 480 444 449 554 312 72 91 416 452 265 488 101 533 113 214 383 575 229 599 384 512 430 95 217 463 344 176 197 472 87 89 538 566 67 493 343 476 55 543 74 571 297 485 527 315 138 57 7 150 523 39 12 105 102 531 578 389 359 374 269 170 142 61 402 369 93 224 579 462 51 21 433 515 26 194 27 260 127 68 309 136 295 505 519 329 411 586 20 475 362 63 324 9 305 98 580 371 178 120 585 205 431 286 323 509 192 273 341 230 567 427 175 177 583 234 414 78 438 419 22 114 152 236 73 124 210 372 283 223 16 526 500 270 240 79 53 189 340 317 137 504 570 83 561 328 306 569 90 322 424 165 162 568 52 553 549 510 501 208 473 36 502 392 145 294 387 258 441 119 487 237 348 364 246 195 199 594 393 166 187 410 190 584 42 381 513 497 225 483 450 546 332 313 304 440 420 8 507 460 572 159 552 116 24 75 545 204 457 156 151 216 443 379 514 467 461 388 299 355 125 233 565 540 209 253 336 321 173 395 40 32 4 593 464 404 0 81 184 69 537 143 23 96 520 302 439 228 432 110 536 206 435 255 587 375 185 547 588 128 71 183 589 591 77 219 59 562 482 88 30 135 5 385 458 292 397 220 203 417 174 271 139 287 272 494 123 227 470 596 577 282 370 459 576 406 352 207 82 296 141 60 200 466 3 146 408 559 41 266 129 582 320 241 353 386 407 65 181 479 70 489 334 130 49 405 378 498 25 358 202 115 244 558 278 133 263 415 106 291 491 196 598 186 442 403 267 557 551 84 276 471 563 251 160 109 14 31 528 331 496 542 232 15 97 310 534 245 108 357 399 351 394 275 284 252 18 66 337 
exact_result:-203525330  是否排列1 ax=28688  bx=745  cx=-8897890  obj=-203525330
 ax上界求解时间：4.308000 上界花费时间：4.345000
 ax下界求解时间：4.025000 下界花费时间：4.062000 
bx上界求解时间：4.375000 上界花费时间：4.411000
 bx下界求解时间：4.006000 下界花费时间：4.044000 
模型总求解时间：400.439000  模型求解时间：376.685000 axbx上下届时间：18.549000 结果是否最优:y
***********
Minimum Execution Time:400.439000
Maximum Execution Time:400.439000
Average Execution Time:400.439000
best_sol:326 280 454 303 277 567 288 34 261 147 506 62 198 308 254 188 56 226 47 99 535 345 104 400 132 425 429 19 92 477 111 148 456 413 131 262 365 242 249 423 396 518 409 44 46 149 368 469 58 342 257 153 117 259 211 221 517 511 380 293 13 367 455 130 448 595 112 285 155 180 333 43 327 239 250 171 451 445 478 401 597 418 28 298 573 107 157 529 300 360 319 530 85 422 48 193 290 76 264 421 398 279 158 191 222 503 550 218 134 297 11 555 29 126 86 289 307 100 10 164 525 390 213 94 495 122 426 5 243 318 563 154 248 311 325 484 548 212 453 182 314 54 363 168 486 560 50 490 516 339 335 581 330 162 167 373 268 37 391 256 356 33 522 437 231 544 35 590 1 541 361 474 412 274 376 172 465 556 564 301 524 316 238 140 447 281 2 532 235 434 17 161 103 144 169 574 179 346 64 428 121 190 350 468 354 347 80 521 499 349 163 201 215 6 406 247 45 539 382 508 366 592 480 444 449 554 312 72 91 416 452 265 488 101 533 113 214 383 575 229 599 384 512 430 95 217 463 344 176 197 472 87 89 538 566 67 493 343 476 55 543 74 571 562 485 527 315 138 57 7 150 523 39 12 105 102 531 578 389 359 374 269 170 142 61 402 369 93 224 579 462 51 21 433 515 26 194 27 260 127 68 309 136 295 505 519 329 411 586 20 475 362 63 324 9 305 98 580 371 178 377 585 205 431 286 323 509 192 273 341 230 165 427 175 177 583 234 414 78 438 419 22 114 152 236 73 124 210 372 283 223 16 526 118 270 240 79 53 189 340 317 220 504 570 83 561 328 306 569 90 322 424 587 287 568 52 553 549 510 501 208 473 36 502 392 145 294 387 258 441 119 487 237 348 364 246 195 199 594 393 166 187 410 120 584 42 381 513 497 225 483 450 546 332 313 304 440 420 8 507 460 572 159 552 116 24 75 545 204 457 156 151 216 443 379 514 467 461 388 299 355 125 233 565 540 209 253 336 321 173 395 40 32 4 593 464 404 0 81 184 69 537 143 23 96 520 302 439 137 432 110 536 206 435 255 338 375 185 547 588 128 71 183 589 591 77 219 59 65 482 88 30 135 500 174 458 292 397 446 203 417 38 271 139 481 272 494 123 227 470 596 577 282 370 459 576 385 352 207 82 296 141 60 200 466 3 146 408 559 41 266 129 582 320 241 353 386 407 492 181 479 70 489 334 228 49 405 378 498 25 358 202 115 244 558 278 133 263 415 106 291 491 196 598 186 442 403 267 557 551 84 276 471 436 251 160 109 14 31 528 331 496 542 232 15 97 310 534 245 108 357 399 351 394 275 284 252 18 66 337 
exact_result:-203525943  是否排列1 ax=28662  bx=719  cx=-8133921  obj=-203525943
 ax上界求解时间：4.355000 上界花费时间：6.449000
 ax下界求解时间：4.030000 下界花费时间：4.068000 
bx上界求解时间：4.374000 上界花费时间：4.412000
 bx下界求解时间：4.051000 下界花费时间：4.089000 
模型总求解时间：408.669000  模型求解时间：382.721000 axbx上下届时间：20.721000 结果是否最优:y
***********
Minimum Execution Time:408.669000
Maximum Execution Time:408.669000
Average Execution Time:408.669000
best_sol:326 280 454 303 277 126 288 34 261 147 506 62 198 308 254 188 56 226 47 99 535 345 104 400 132 425 429 19 92 477 111 148 456 413 131 262 365 242 249 423 396 518 409 44 46 149 368 469 58 342 257 153 117 259 211 221 517 511 380 293 13 367 455 118 448 595 112 285 155 180 333 43 327 239 250 171 451 445 478 401 597 418 28 298 573 107 157 529 300 360 319 530 85 422 48 193 290 76 264 421 398 279 158 191 222 503 550 218 134 297 11 555 29 238 86 289 307 100 10 164 525 390 213 94 495 122 426 446 243 318 154 481 248 311 325 484 548 212 453 182 314 54 363 168 486 560 50 490 516 339 335 581 330 338 167 373 268 37 391 256 356 33 522 437 231 544 35 590 1 541 361 474 412 274 376 172 465 556 564 301 524 316 436 140 447 281 2 532 235 434 17 161 103 144 169 574 179 346 64 428 121 190 350 468 354 347 80 521 499 349 163 201 215 6 406 247 45 539 382 508 366 592 480 444 449 554 312 72 91 416 452 265 488 101 533 113 214 383 575 229 599 384 512 430 95 217 463 344 176 197 472 87 89 538 566 67 493 343 476 55 543 74 571 562 485 527 315 138 57 7 150 523 39 12 105 102 531 578 389 359 374 269 170 142 61 402 369 93 224 579 462 51 21 433 515 26 194 27 260 127 68 309 136 295 505 519 329 411 586 20 475 362 63 324 9 305 98 580 371 178 377 585 205 431 286 323 509 192 273 341 230 567 427 175 177 583 234 414 78 438 419 22 114 152 236 73 124 210 372 283 223 16 526 500 270 240 79 53 189 340 317 137 504 570 83 561 328 306 569 90 322 424 165 162 568 52 553 549 510 501 208 473 36 502 392 145 294 387 258 441 119 487 237 348 364 246 195 199 594 393 166 187 410 120 584 42 381 513 497 225 483 450 546 332 313 304 440 420 8 507 460 572 159 552 116 24 75 545 204 457 156 151 216 443 379 514 467 461 388 299 355 125 233 565 540 209 253 336 321 173 395 40 32 4 593 464 404 0 81 184 69 537 143 23 96 520 302 439 228 432 110 536 206 435 255 587 375 185 547 588 128 71 183 589 591 77 219 59 65 482 88 30 135 5 174 458 292 397 220 203 417 38 271 139 287 272 494 123 227 470 596 577 282 370 459 576 385 352 207 82 296 141 60 200 466 3 146 408 559 41 266 129 582 320 241 353 386 407 492 181 479 70 489 334 130 49 405 378 498 25 358 202 115 244 558 278 133 263 415 106 291 491 196 598 186 442 403 267 557 551 84 276 471 563 251 160 109 14 31 528 331 496 542 232 15 97 310 534 245 108 357 399 351 394 275 284 252 18 66 337 
exact_result:-203526001  是否排列1 ax=28674  bx=731  cx=-8486695  obj=-203526001
 ax上界求解时间：4.307000 上界花费时间：4.343000
 ax下界求解时间：4.046000 下界花费时间：4.084000 
bx上界求解时间：4.438000 上界花费时间：4.475000
 bx下界求解时间：4.070000 下界花费时间：4.109000 
模型总求解时间：669.481000  模型求解时间：645.579000 axbx上下届时间：18.689000 结果是否最优:y
***********
Minimum Execution Time:669.481000
Maximum Execution Time:669.481000
Average Execution Time:669.481000
best_sol:326 280 454 303 277 126 288 34 261 147 506 62 198 308 254 188 56 226 47 99 535 345 104 400 132 425 429 19 92 477 111 148 456 413 131 262 365 242 249 423 396 518 409 44 46 149 368 469 58 342 257 153 117 259 211 221 517 511 380 293 13 367 455 130 448 595 112 285 155 180 333 43 327 239 250 171 451 445 478 401 597 418 28 298 573 107 157 529 300 360 319 530 85 422 48 193 290 76 264 421 398 279 158 191 222 503 550 218 134 297 11 555 29 238 86 289 307 100 10 164 525 390 213 94 495 122 426 5 243 318 154 481 248 311 325 484 548 212 453 182 314 54 363 168 486 560 50 490 516 339 335 581 330 338 167 373 268 37 391 256 356 33 522 437 231 544 35 590 1 541 361 474 412 274 376 172 465 556 564 301 524 316 436 140 447 281 2 532 235 434 17 161 103 144 169 574 179 346 64 428 121 190 350 468 354 347 80 521 499 349 163 201 215 6 406 247 45 539 382 508 366 592 480 444 449 554 312 72 91 416 452 265 488 101 533 113 214 383 575 229 599 384 512 430 95 217 463 344 176 197 472 87 89 538 566 67 493 343 476 55 543 74 571 562 485 527 315 138 57 7 150 523 39 12 105 102 531 578 389 359 374 269 170 142 61 402 369 93 224 579 462 51 21 433 515 26 194 27 260 127 68 309 136 295 505 519 329 411 586 20 475 362 63 324 9 305 98 580 371 178 377 585 205 431 286 323 509 192 273 341 230 567 427 175 177 583 234 414 78 438 419 22 114 152 236 73 124 210 372 283 223 16 526 118 270 240 79 53 189 340 317 220 504 570 83 561 328 306 569 90 322 424 165 162 568 52 553 549 510 501 208 473 36 502 392 145 294 387 258 441 119 487 237 348 364 246 195 199 594 393 166 187 410 120 584 42 381 513 497 225 483 450 546 332 313 304 440 420 8 507 460 572 159 552 116 24 75 545 204 457 156 151 216 443 379 514 467 461 388 299 355 125 233 565 540 209 253 336 321 173 395 40 32 4 593 464 404 0 81 184 69 537 143 23 96 520 302 439 137 432 110 536 206 435 255 587 375 185 547 588 128 71 183 589 591 77 219 59 65 482 88 30 135 500 174 458 292 397 446 203 417 38 271 139 287 272 494 123 227 470 596 577 282 370 459 576 385 352 207 82 296 141 60 200 466 3 146 408 559 41 266 129 582 320 241 353 386 407 492 181 479 70 489 334 228 49 405 378 498 25 358 202 115 244 558 278 133 263 415 106 291 491 196 598 186 442 403 267 557 551 84 276 471 563 251 160 109 14 31 528 331 496 542 232 15 97 310 534 245 108 357 399 351 394 275 284 252 18 66 337 
exact_result:-203526069  是否排列1 ax=28665  bx=722  cx=-8222199  obj=-203526069
 ax上界求解时间：4.152000 上界花费时间：4.178000
 ax下界求解时间：3.836000 下界花费时间：3.862000 
bx上界求解时间：4.408000 上界花费时间：4.430000
 bx下界求解时间：3.841000 下界花费时间：3.872000 
模型总求解时间：276.511000  模型求解时间：258.013000 axbx上下届时间：17.721000 结果是否最优:y
***********
Minimum Execution Time:276.511000
Maximum Execution Time:276.511000
Average Execution Time:276.511000
best_sol:326 280 454 303 277 567 288 34 261 147 506 62 198 308 254 188 56 226 47 99 535 345 104 400 132 425 429 19 92 477 111 148 456 413 131 262 365 242 249 423 396 518 409 44 46 149 368 469 58 342 257 153 117 259 211 221 517 511 380 293 13 367 455 130 448 595 112 285 155 180 333 43 327 239 250 171 451 445 478 401 597 418 28 298 573 107 157 529 300 360 319 530 85 422 48 193 290 76 264 421 398 279 158 191 222 503 550 218 134 297 11 555 29 126 86 289 307 100 10 164 525 390 213 94 495 122 426 5 243 318 563 154 248 311 325 484 548 212 453 182 314 54 363 168 486 560 50 490 516 339 335 581 330 162 167 373 268 37 391 256 356 33 522 437 231 544 35 590 1 541 361 474 412 274 376 172 465 556 564 301 524 316 238 140 447 281 2 532 235 434 17 161 103 144 169 574 179 346 64 428 121 190 350 468 354 347 80 521 499 349 163 201 215 6 406 247 45 539 382 508 366 592 480 444 449 554 312 72 91 416 452 265 488 101 533 113 214 383 575 229 599 384 512 430 95 217 463 344 176 197 472 87 89 538 566 67 493 343 476 55 543 74 571 562 485 527 315 138 57 7 150 523 39 12 105 102 531 578 389 359 374 269 170 142 61 402 369 93 224 579 462 51 21 433 515 26 194 27 260 127 68 309 136 295 505 519 329 411 586 20 475 362 63 324 9 305 98 580 371 178 377 585 205 431 286 323 509 192 273 341 230 165 427 175 177 583 234 414 78 438 419 22 114 152 236 73 124 210 372 283 223 16 526 118 270 240 79 53 189 340 317 220 504 570 83 561 328 306 569 90 322 424 587 287 568 52 553 549 510 501 208 473 36 502 392 145 294 387 258 441 119 487 237 348 364 246 195 199 594 393 166 187 410 120 584 42 381 513 497 225 483 450 546 332 313 304 440 420 8 507 460 572 159 552 116 24 75 545 204 457 156 151 216 443 379 514 467 461 388 299 355 125 233 565 540 209 253 336 321 173 395 40 32 4 593 464 404 0 81 184 69 537 143 23 96 520 302 439 137 432 110 536 206 435 255 338 375 185 547 588 128 71 183 589 591 77 219 59 65 482 88 30 135 500 174 458 292 397 446 203 417 38 271 139 481 272 494 123 227 470 596 577 282 370 459 576 385 352 207 82 296 141 60 200 466 3 146 408 559 41 266 129 582 320 241 353 386 407 492 181 479 70 489 334 228 49 405 378 498 25 358 202 115 244 558 278 133 263 415 106 291 491 196 598 186 442 403 267 557 551 84 276 471 436 251 160 109 14 31 528 331 496 542 232 15 97 310 534 245 108 357 399 351 394 275 284 252 18 66 337 
exact_result:-203525943  是否排列1 ax=28662  bx=719  cx=-8133921  obj=-203525943 -1 0
 ax上界求解时间：4.244000 上界花费时间：4.284000
 ax下界求解时间：4.035000 下界花费时间：4.075000 
bx上界求解时间：4.387000 上界花费时间：4.427000
 bx下界求解时间：3.998000 下界花费时间：4.038000 
模型总求解时间：311.830000  模型求解时间：288.078000 axbx上下届时间：18.521000 结果是否最优:y
***********
Minimum Execution Time:311.830000
Maximum Execution Time:311.830000
Average Execution Time:311.830000
best_sol:326 280 454 303 277 126 288 34 261 147 506 62 198 308 254 188 56 226 47 99 535 345 104 400 132 425 429 19 92 477 111 148 456 413 131 262 365 242 249 423 396 518 409 44 46 149 368 469 58 342 257 153 117 259 211 221 517 511 380 293 13 367 455 130 448 595 112 285 155 180 333 43 327 239 250 171 451 445 478 401 597 418 28 298 573 107 157 529 300 360 319 530 85 422 48 193 290 76 264 421 398 279 158 191 222 503 550 218 134 297 11 555 29 238 86 289 307 100 10 164 525 390 213 94 495 122 426 5 243 318 154 481 248 311 325 484 548 212 453 182 314 54 363 168 486 560 50 490 516 339 335 581 330 338 167 373 268 37 391 256 356 33 522 437 231 544 35 590 1 541 361 474 412 274 376 172 465 556 564 301 524 316 436 140 447 281 2 532 235 434 17 161 103 144 169 574 179 346 64 428 121 190 350 468 354 347 80 521 499 349 163 201 215 6 38 247 45 539 382 508 366 592 480 444 449 554 312 72 91 416 452 265 488 101 533 113 214 383 575 229 599 384 512 430 95 217 463 344 176 197 472 87 89 538 566 67 493 343 476 55 543 74 571 562 485 527 315 138 57 7 150 523 39 12 105 102 531 578 389 359 374 269 170 142 61 402 369 93 224 579 462 51 21 433 515 26 194 27 260 127 68 309 136 295 505 519 329 411 586 20 475 362 63 324 9 305 98 580 371 178 377 585 205 431 286 323 509 192 273 341 230 567 427 175 177 583 234 414 78 438 419 22 114 152 236 73 124 210 372 283 223 16 526 118 270 240 79 53 189 340 317 220 504 570 83 561 328 306 569 90 322 424 165 162 568 52 553 549 510 501 208 473 36 502 392 145 294 387 258 441 119 487 237 348 364 246 195 199 594 393 166 187 410 120 584 42 381 513 497 225 483 450 546 332 313 304 440 420 8 507 460 572 159 552 116 24 75 545 204 457 156 151 216 443 379 514 467 461 388 299 355 125 233 565 540 209 253 336 321 173 395 40 32 4 593 464 404 0 81 184 69 537 143 23 96 520 302 439 137 432 110 536 206 435 255 587 375 185 547 588 128 71 183 589 591 77 219 59 65 482 88 30 135 500 385 458 292 397 446 203 417 174 271 139 287 272 494 123 227 470 596 577 282 370 459 576 406 352 207 82 296 141 60 200 466 3 146 408 559 41 266 129 582 320 241 353 386 407 492 181 479 70 489 334 228 49 405 378 498 25 358 202 115 244 558 278 133 263 415 106 291 491 196 598 186 442 403 267 557 551 84 276 471 563 251 160 109 14 31 528 331 496 542 232 15 97 310 534 245 108 357 399 351 394 275 284 252 18 66 337 
exact_result:-203526090  是否排列1 ax=28666  bx=723  cx=-8251608  obj=-203526090   0 0
 ax上界求解时间：4.225000 上界花费时间：4.261000
 ax下界求解时间：4.062000 下界花费时间：4.100000 
bx上界求解时间：4.424000 上界花费时间：4.462000
 bx下界求解时间：4.025000 下界花费时间：4.066000 
模型总求解时间：380.928000  模型求解时间：357.150000 axbx上下届时间：18.575000 结果是否最优:y
***********
Minimum Execution Time:380.928000
Maximum Execution Time:380.928000
Average Execution Time:380.928000
best_sol:326 280 454 303 277 126 288 34 261 147 506 62 198 308 254 188 56 226 47 99 535 345 104 400 132 425 429 19 92 477 111 148 456 413 131 262 365 242 249 423 396 518 409 44 46 149 368 469 58 342 257 153 117 259 211 221 517 511 380 293 13 367 455 130 448 595 112 285 155 180 333 43 327 239 250 171 451 445 478 401 597 418 28 298 573 107 157 529 300 360 319 530 85 422 48 193 290 76 264 421 398 279 158 191 222 503 550 218 134 297 11 555 29 238 86 289 307 100 10 164 525 390 213 94 495 122 426 5 243 318 154 481 248 311 325 484 548 212 453 182 314 54 363 168 486 560 50 490 516 339 335 581 330 338 167 373 268 37 391 256 356 33 522 437 231 544 35 590 1 541 361 474 412 274 376 172 465 556 564 301 524 316 436 140 447 281 2 532 235 434 17 161 103 144 169 574 179 346 64 428 121 190 350 468 354 347 80 521 499 349 163 201 215 6 38 247 45 539 382 508 366 592 480 444 449 554 312 72 91 416 452 265 488 101 533 113 214 383 575 229 599 384 512 430 95 217 463 344 176 197 472 87 89 538 566 67 493 343 476 55 543 74 571 562 485 527 315 138 57 7 150 523 39 12 105 102 531 578 389 359 374 269 170 142 61 402 369 93 224 579 462 51 21 433 515 26 194 27 260 127 68 309 136 295 505 519 329 411 586 20 475 362 63 324 9 305 98 580 371 178 377 585 205 431 286 323 509 192 273 341 230 567 427 175 177 583 234 414 78 438 419 22 114 152 236 73 124 210 372 283 223 16 526 118 270 240 79 53 189 340 317 220 504 570 83 561 328 306 569 90 322 424 165 162 568 52 553 549 510 501 208 473 36 502 392 145 294 387 258 441 119 487 237 348 364 246 195 199 594 393 166 187 410 120 584 42 381 513 497 225 483 450 546 332 313 304 440 420 8 507 460 572 159 552 116 24 75 545 204 457 156 151 216 443 379 514 467 461 388 299 355 125 233 565 540 209 253 336 321 173 395 40 32 4 593 464 404 0 81 184 69 537 143 23 96 520 302 439 137 432 110 536 206 435 255 587 375 185 547 588 128 71 183 589 591 77 219 59 65 482 88 30 135 500 385 458 292 397 446 203 417 174 271 139 287 272 494 123 227 470 596 577 282 370 459 576 406 352 207 82 296 141 60 200 466 3 146 408 559 41 266 129 582 320 241 353 386 407 492 181 479 70 489 334 228 49 405 378 498 25 358 202 115 244 558 278 133 263 415 106 291 491 196 598 186 442 403 267 557 551 84 276 471 563 251 160 109 14 31 528 331 496 542 232 15 97 310 534 245 108 357 399 351 394 275 284 252 18 66 337 
exact_result:-203526090  是否排列1 ax=28666  bx=723  cx=-8251608  obj=-203526090  -1 0
 ax上界求解时间：4.246000 上界花费时间：4.285000
 ax下界求解时间：4.026000 下界花费时间：4.064000 
bx上界求解时间：4.483000 上界花费时间：4.523000
 bx下界求解时间：4.099000 下界花费时间：4.139000 
模型总求解时间：386.357000  模型求解时间：362.385000 axbx上下届时间：18.721000 结果是否最优:y
***********
Minimum Execution Time:386.357000
Maximum Execution Time:386.357000
Average Execution Time:386.357000
best_sol:326 280 454 303 277 126 288 34 261 147 506 62 198 308 254 188 56 226 47 99 535 345 104 400 132 425 429 19 92 477 111 148 456 413 131 262 365 242 249 423 396 518 409 44 46 149 368 469 58 342 257 153 117 259 211 221 517 511 380 293 13 367 455 130 448 595 112 285 155 180 333 43 327 239 250 171 451 445 478 401 597 418 28 298 573 107 157 529 300 360 319 530 85 422 48 193 290 76 264 421 398 279 158 191 222 503 550 218 134 11 377 555 29 238 86 289 307 100 10 164 525 390 213 94 495 122 426 5 243 318 154 481 248 311 325 484 548 212 453 182 314 54 363 168 486 560 50 490 516 339 335 581 330 338 167 373 268 37 391 256 356 33 522 437 231 544 35 590 1 541 361 474 412 274 376 172 465 556 564 301 524 316 436 140 447 281 2 532 235 434 17 161 103 144 169 574 179 346 64 428 121 492 350 468 354 347 80 521 499 349 163 201 215 6 38 247 45 539 382 508 366 592 480 444 449 554 312 72 91 416 452 265 488 101 533 113 214 383 575 229 599 384 512 430 95 217 463 344 176 197 472 87 89 538 566 67 493 343 476 55 543 74 571 297 485 527 315 138 57 7 150 523 39 12 105 102 531 578 389 359 374 269 170 142 61 402 369 93 224 579 462 51 21 433 515 26 194 27 260 127 68 309 136 295 505 519 329 411 586 20 475 362 63 324 9 305 98 580 371 178 120 585 205 431 286 323 509 192 273 341 230 567 427 175 177 583 234 414 78 438 419 22 114 152 236 73 124 210 372 283 223 16 526 118 270 240 79 53 189 340 317 220 504 570 83 561 328 306 569 90 322 424 165 162 568 52 553 549 510 501 208 473 36 502 392 145 294 387 258 441 119 487 237 348 364 246 195 199 594 393 166 187 410 190 584 42 381 513 497 225 483 450 546 332 313 304 440 420 8 507 460 572 159 552 116 24 75 545 204 457 156 151 216 443 379 514 467 461 388 299 355 125 233 565 540 209 253 336 321 173 395 40 32 4 593 464 404 0 81 184 69 537 143 23 96 520 302 439 137 432 110 536 206 435 255 587 375 185 547 588 128 71 183 589 591 77 219 59 562 482 88 30 135 500 385 458 292 397 446 203 417 174 271 139 287 272 494 123 227 470 596 577 282 370 459 576 406 352 207 82 296 141 60 200 466 3 146 408 559 41 266 129 582 320 241 353 386 407 65 181 479 70 489 334 228 49 405 378 498 25 358 202 115 244 558 278 133 263 415 106 291 491 196 598 186 442 403 267 557 551 84 276 471 563 251 160 109 14 31 528 331 496 542 232 15 97 310 534 245 108 357 399 351 394 275 284 252 18 66 337 
exact_result:-203525650  是否排列1 ax=28679  bx=736  cx=-8633394  obj=-203525650  0 1
 ax上界求解时间：4.262000 上界花费时间：4.299000
 ax下界求解时间：4.074000 下界花费时间：4.111000 
bx上界求解时间：4.405000 上界花费时间：4.443000
 bx下界求解时间：4.035000 下界花费时间：4.075000 
模型总求解时间：364.736000  模型求解时间：340.890000 axbx上下届时间：18.620000 结果是否最优:y
***********
Minimum Execution Time:364.736000
Maximum Execution Time:364.736000
Average Execution Time:364.736000
best_sol:326 280 454 303 277 126 288 34 261 147 506 62 198 308 254 188 56 226 47 99 535 345 104 400 132 425 429 19 92 477 111 148 456 413 131 262 365 242 249 423 396 518 409 44 46 149 368 469 58 342 257 153 117 259 211 221 517 511 380 293 13 367 455 130 448 595 112 285 155 180 333 43 327 239 250 171 451 445 478 401 597 418 28 298 573 107 157 529 300 360 319 530 85 422 48 193 290 76 264 421 398 279 158 191 222 503 550 218 134 297 11 555 29 238 86 289 307 100 10 164 525 390 213 94 495 122 426 5 243 318 154 481 248 311 325 484 548 212 453 182 314 54 363 168 486 560 50 490 516 339 335 581 330 338 167 373 268 37 391 256 356 33 522 437 231 544 35 590 1 541 361 474 412 274 376 172 465 556 564 301 524 316 436 140 447 281 2 532 235 434 17 161 103 144 169 574 179 346 64 428 121 190 350 468 354 347 80 521 499 349 163 201 215 6 38 247 45 539 382 508 366 592 480 444 449 554 312 72 91 416 452 265 488 101 533 113 214 383 575 229 599 384 512 430 95 217 463 344 176 197 472 87 89 538 566 67 493 343 476 55 543 74 571 562 485 527 315 138 57 7 150 523 39 12 105 102 531 578 389 359 374 269 170 142 61 402 369 93 224 579 462 51 21 433 515 26 194 27 260 127 68 309 136 295 505 519 329 411 586 20 475 362 63 324 9 305 98 580 371 178 377 585 205 431 286 323 509 192 273 341 230 567 427 175 177 583 234 414 78 438 419 22 114 152 236 73 124 210 372 283 223 16 526 118 270 240 79 53 189 340 317 220 504 570 83 561 328 306 569 90 322 424 165 162 568 52 553 549 510 501 208 473 36 502 392 145 294 387 258 441 119 487 237 348 364 246 195 199 594 393 166 187 410 120 584 42 381 513 497 225 483 450 546 332 313 304 440 420 8 507 460 572 159 552 116 24 75 545 204 457 156 151 216 443 379 514 467 461 388 299 355 125 233 565 540 209 253 336 321 173 395 40 32 4 593 464 404 0 81 184 69 537 143 23 96 520 302 439 137 432 110 536 206 435 255 587 375 185 547 588 128 71 183 589 591 77 219 59 65 482 88 30 135 500 385 458 292 397 446 203 417 174 271 139 287 272 494 123 227 470 596 577 282 370 459 576 406 352 207 82 296 141 60 200 466 3 146 408 559 41 266 129 582 320 241 353 386 407 492 181 479 70 489 334 228 49 405 378 498 25 358 202 115 244 558 278 133 263 415 106 291 491 196 598 186 442 403 267 557 551 84 276 471 563 251 160 109 14 31 528 331 496 542 232 15 97 310 534 245 108 357 399 351 394 275 284 252 18 66 337 
exact_result:-203526090  是否排列1 ax=28666  bx=723  cx=-8251608  obj=-203526090
 ax上界求解时间：4.141000 上界花费时间：4.172000
 ax下界求解时间：3.922000 下界花费时间：3.953000 
bx上界求解时间：4.375000 上界花费时间：4.422000
 bx下界求解时间：4.016000 下界花费时间：4.063000 
模型总求解时间：269.640000  模型求解时间：246.156000 axbx上下届时间：18.281000 结果是否最优:y
***********
Minimum Execution Time:269.640000
Maximum Execution Time:269.640000
Average Execution Time:269.640000
best_sol:326 280 454 303 277 126 288 34 261 147 506 62 198 308 254 188 56 226 47 99 535 345 104 400 132 425 429 19 92 477 111 148 456 413 131 262 365 242 249 423 396 518 409 44 46 149 368 469 58 342 257 153 117 259 211 221 517 511 380 293 13 367 455 130 448 595 112 285 155 180 333 43 327 239 250 171 451 445 478 401 597 418 28 298 573 107 157 529 300 360 319 530 85 422 48 193 290 76 264 421 398 279 158 191 222 503 550 218 134 297 11 555 29 238 86 289 307 100 10 164 525 390 213 94 495 122 426 5 243 318 154 481 248 311 325 484 548 212 453 182 314 54 363 168 486 560 50 490 516 339 335 581 330 338 167 373 268 37 391 256 356 33 522 437 231 544 35 590 1 541 361 474 412 274 376 172 465 556 564 301 524 316 436 140 447 281 2 532 235 434 17 161 103 144 169 574 179 346 64 428 121 190 350 468 354 347 80 521 499 349 163 201 215 6 38 247 45 539 382 508 366 592 480 444 449 554 312 72 91 416 452 265 488 101 533 113 214 383 575 229 599 384 512 430 95 217 463 344 176 197 472 87 89 538 566 67 493 343 476 55 543 74 571 562 485 527 315 138 57 7 150 523 39 12 105 102 531 578 389 359 374 269 170 142 61 402 369 93 224 579 462 51 21 433 515 26 194 27 260 127 68 309 136 295 505 519 329 411 586 20 475 362 63 324 9 305 98 580 371 178 377 585 205 431 286 323 509 192 273 341 230 567 427 175 177 583 234 414 78 438 419 22 114 152 236 73 124 210 372 283 223 16 526 118 270 240 79 53 189 340 317 220 504 570 83 561 328 306 569 90 322 424 165 162 568 52 553 549 510 501 208 473 36 502 392 145 294 387 258 441 119 487 237 348 364 246 195 199 594 393 166 187 410 120 584 42 381 513 497 225 483 450 546 332 313 304 440 420 8 507 460 572 159 552 116 24 75 545 204 457 156 151 216 443 379 514 467 461 388 299 355 125 233 565 540 209 253 336 321 173 395 40 32 4 593 464 404 0 81 184 69 537 143 23 96 520 302 439 137 432 110 536 206 435 255 587 375 185 547 588 128 71 183 589 591 77 219 59 65 482 88 30 135 500 385 458 292 397 446 203 417 174 271 139 287 272 494 123 227 470 596 577 282 370 459 576 406 352 207 82 296 141 60 200 466 3 146 408 559 41 266 129 582 320 241 353 386 407 492 181 479 70 489 334 228 49 405 378 498 25 358 202 115 244 558 278 133 263 415 106 291 491 196 598 186 442 403 267 557 551 84 276 471 563 251 160 109 14 31 528 331 496 542 232 15 97 310 534 245 108 357 399 351 394 275 284 252 18 66 337 
exact_result:-203526090  是否排列1 ax=28666  bx=723  cx=-8251608  obj=-203526090
 ax上界求解时间：4.016000 上界花费时间：4.032000
 ax下界求解时间：3.703000 下界花费时间：3.734000 
bx上界求解时间：3.969000 上界花费时间：3.985000
 bx下界求解时间：3.422000 下界花费时间：3.437000 
模型总求解时间：253.259000  模型求解时间：235.978000 axbx上下届时间：16.516000 结果是否最优:y
***********
Minimum Execution Time:253.259000
Maximum Execution Time:253.259000
Average Execution Time:253.259000
