best_sol:30 69 195 109 172 175 193 145 61 179 23 29 161 6 177 72 10 143 140 89 191 176 39 188 71 28 125 102 81 116 113 1 131 42 192 151 150 82 164 142 38 108 34 26 13 62 162 22 94 118 64 184 173 12 190 86 96 58 111 156 144 19 56 78 114 194 53 169 18 54 14 88 126 153 8 129 163 198 66 166 137 152 73 24 138 44 182 104 33 37 186 17 171 148 167 110 67 31 170 74 154 168 124 187 49 146 75 3 112 117 80 92 121 98 189 40 21 178 55 5 84 165 77 115 130 174 27 103 65 68 91 43 158 134 119 90 160 155 93 196 107 9 197 135 25 123 141 45 36 87 76 52 70 59 57 7 101 100 180 4 159 60 15 11 133 97 157 83 147 105 20 128 99 48 35 136 181 127 41 0 120 79 132 95 51 139 199 122 183 47 32 2 46 106 185 85 63 149 50 16 
exact_result:-20216113  是否排列1 ax=9298  bx=499  cx=-914983  obj=3724719
 ax上界求解时间：0.293000 上界花费时间：0.300000
 ax下界求解时间：0.292000 下界花费时间：0.299000 
bx上界求解时间：0.335000 上界花费时间：0.343000
 bx下界求解时间：0.296000 下界花费时间：0.303000 
模型总求解时间：18.486000  模型求解时间：16.995000 axbx上下届时间：1.425000 结果是否最优:y
***********
Minimum Execution Time:18.486000
Maximum Execution Time:18.486000
Average Execution Time:18.486000
best_sol:30 69 195 109 172 175 193 145 61 179 23 29 161 6 177 72 10 143 140 89 191 176 39 188 71 28 125 102 81 116 113 1 131 42 192 151 150 82 164 142 38 108 34 26 13 62 162 22 94 118 64 184 173 12 190 86 96 58 111 156 144 19 56 78 114 194 53 169 18 54 14 88 126 153 8 129 163 198 66 166 137 152 73 24 138 44 182 104 33 37 186 17 171 148 167 110 67 31 170 74 154 168 124 187 49 146 75 3 112 117 80 92 121 98 189 40 21 178 55 5 84 165 77 115 130 174 27 103 65 68 91 43 158 134 119 90 160 155 93 196 107 9 197 135 25 123 141 45 36 87 76 52 70 59 57 7 101 100 180 4 159 60 15 11 133 97 157 83 147 105 20 128 99 48 35 136 181 127 41 0 120 79 132 95 51 139 199 122 183 47 32 2 46 106 185 85 63 149 50 16 
exact_result:-20216113  是否排列1 ax=9298  bx=499  cx=-914983  obj=-20216113
 ax上界求解时间：0.281000 上界花费时间：0.297000
 ax下界求解时间：0.281000 下界花费时间：0.297000 
bx上界求解时间：0.313000 上界花费时间：0.328000
 bx下界求解时间：0.296000 下界花费时间：0.311000 
模型总求解时间：17.424000  模型求解时间：15.953000 axbx上下届时间：1.408000 结果是否最优:y
***********
Minimum Execution Time:17.424000
Maximum Execution Time:17.424000
Average Execution Time:17.424000
best_sol:30 69 195 109 172 175 193 145 61 179 23 29 161 6 177 72 10 143 140 89 191 176 39 188 71 28 125 102 81 116 113 1 131 42 192 151 150 82 164 142 38 108 34 26 13 62 162 22 94 118 64 184 173 12 190 86 96 58 111 156 144 19 56 78 114 194 53 169 18 54 14 88 126 153 8 129 163 198 66 166 137 152 73 24 138 44 182 104 33 37 186 17 171 148 167 110 67 31 170 74 154 168 124 187 49 146 75 3 112 117 80 92 121 98 189 40 21 178 55 5 84 165 77 115 130 174 27 103 65 68 91 43 158 134 119 90 160 155 93 196 107 9 197 135 25 123 141 45 36 87 76 52 70 59 57 7 101 100 180 4 159 60 15 11 133 97 157 83 147 105 20 128 99 48 35 136 181 127 41 0 120 79 132 95 51 139 199 122 183 47 32 2 46 106 185 85 63 149 50 16 
exact_result:-20216113  是否排列1 ax=9298  bx=499  cx=-914983  obj=-20216113
 ax上界求解时间：0.297000 上界花费时间：0.313000
 ax下界求解时间：0.297000 下界花费时间：0.313000 
bx上界求解时间：0.328000 上界花费时间：0.344000
 bx下界求解时间：0.340000 下界花费时间：0.355000 
模型总求解时间：18.061000  模型求解时间：16.516000 axbx上下届时间：1.483000 结果是否最优:y
***********
Minimum Execution Time:18.061000
Maximum Execution Time:18.061000
Average Execution Time:18.061000
best_sol:30 69 195 109 172 175 193 145 61 179 23 29 161 6 177 72 10 143 140 89 191 176 39 188 71 28 125 102 81 116 113 1 131 42 192 151 150 82 164 142 38 108 34 26 13 62 162 22 94 118 64 184 173 12 190 86 96 58 111 156 144 19 56 78 114 194 53 169 18 54 14 88 126 153 8 129 163 198 66 166 137 152 73 24 138 44 182 104 33 37 186 17 171 148 167 110 67 31 170 74 154 168 124 187 49 146 75 3 112 117 80 92 121 98 189 40 21 178 55 5 84 165 77 115 130 174 27 103 65 68 91 43 158 134 119 90 160 155 93 196 107 9 197 135 25 123 141 45 36 87 76 52 70 59 57 7 101 100 180 4 159 60 15 11 133 97 157 83 147 105 20 128 99 48 35 136 181 127 41 0 120 79 132 95 51 139 199 122 183 47 32 2 46 106 185 85 63 149 50 16 
exact_result:-20216113  是否排列1 ax=9298  bx=499  cx=-914983  obj=-20216113
 ax上界求解时间：0.310000 上界花费时间：0.316000
 ax下界求解时间：0.319000 下界花费时间：0.326000 
bx上界求解时间：0.331000 上界花费时间：0.337000
 bx下界求解时间：0.328000 下界花费时间：0.335000 
模型总求解时间：9.694000  模型求解时间：7.513000 axbx上下届时间：1.499000 结果是否最优:y
***********
Minimum Execution Time:9.694000
Maximum Execution Time:9.694000
Average Execution Time:9.694000
best_sol:30 69 195 109 172 175 193 145 61 179 23 29 161 6 177 72 10 143 140 89 191 176 39 188 71 28 125 102 81 116 113 1 131 42 192 151 150 82 164 142 38 108 34 26 13 62 162 22 94 118 64 184 173 12 190 86 96 58 111 156 144 19 56 78 114 194 53 169 18 54 14 88 126 153 8 129 163 198 66 166 137 152 73 24 138 44 182 104 33 37 186 17 171 148 167 110 67 31 170 74 154 168 124 187 49 146 75 3 112 117 80 92 121 98 189 40 21 178 55 5 84 165 77 115 130 174 27 103 65 68 91 43 158 134 119 90 160 155 93 196 107 9 197 135 25 123 141 45 36 87 76 52 70 59 57 7 101 100 180 4 159 60 15 11 133 97 157 83 147 105 20 128 99 48 35 136 181 127 41 0 120 79 132 95 51 139 199 122 183 47 32 2 46 106 185 85 63 149 50 16 
exact_result:-20216113  是否排列1 ax=9298  bx=499  cx=-914983  obj=-20216113
 ax上界求解时间：0.284000 上界花费时间：0.299000
 ax下界求解时间：0.277000 下界花费时间：0.284000 
bx上界求解时间：0.315000 上界花费时间：0.322000
 bx下界求解时间：0.316000 下界花费时间：0.324000 
模型总求解时间：16.285000  模型求解时间：14.224000 axbx上下届时间：1.420000 结果是否最优:y
***********
Minimum Execution Time:16.285000
Maximum Execution Time:16.285000
Average Execution Time:16.285000
best_sol:30 69 195 40 172 175 193 107 61 179 23 29 161 6 177 72 10 143 140 89 191 176 39 188 71 28 125 102 81 116 113 1 131 42 192 151 150 82 164 142 38 144 34 26 13 62 162 22 94 118 64 184 173 12 190 108 96 58 111 156 145 19 56 78 114 194 53 169 18 54 166 88 126 153 8 129 163 198 66 76 137 152 109 24 138 44 182 104 33 37 186 17 171 148 167 110 67 31 170 74 154 168 124 187 49 146 75 3 112 117 80 92 121 98 189 120 21 178 55 5 84 165 77 115 130 174 27 103 65 68 91 43 158 134 119 90 160 155 93 196 86 9 197 135 25 123 141 45 36 87 73 52 70 14 57 7 101 100 180 4 159 60 15 11 133 97 157 83 147 105 20 128 99 48 35 136 181 127 41 0 79 59 132 95 51 139 199 122 183 47 32 2 46 106 185 85 63 149 50 16 
exact_result:-20215239  是否排列1 ax=9280  bx=481  cx=-738087  obj=-20215239
 ax上界求解时间：0.284000 上界花费时间：0.292000
 ax下界求解时间：0.286000 下界花费时间：0.292000 
bx上界求解时间：0.325000 上界花费时间：0.334000
 bx下界求解时间：0.347000 下界花费时间：0.353000 
模型总求解时间：21.824000  模型求解时间：19.731000 axbx上下届时间：1.454000 结果是否最优:y
***********
Minimum Execution Time:21.824000
Maximum Execution Time:21.824000
Average Execution Time:21.824000
best_sol:30 69 195 109 172 175 193 145 61 179 23 29 161 6 177 72 10 143 140 89 191 176 39 188 71 28 125 102 81 116 113 1 131 42 192 151 150 82 164 142 38 108 34 26 13 62 162 22 94 118 64 184 173 12 190 86 96 58 111 156 144 19 56 78 114 194 53 169 18 54 14 88 126 153 8 129 163 198 66 166 137 152 73 24 138 44 182 104 33 37 186 17 171 148 167 110 67 31 170 74 154 168 124 187 49 146 75 3 112 117 80 92 121 98 189 40 21 178 55 5 84 165 77 115 130 174 27 103 65 68 91 43 158 134 119 90 160 155 93 196 107 9 197 135 25 123 141 45 36 87 76 52 70 59 57 7 101 100 180 4 159 60 15 11 133 97 157 83 147 105 20 128 99 48 35 136 181 127 41 0 120 79 132 95 51 139 199 122 183 47 32 2 46 106 185 85 63 149 50 16 
exact_result:-20216113  是否排列1 ax=9298  bx=499  cx=-914983  obj=-20216113
 ax上界求解时间：0.283000 上界花费时间：0.291000
 ax下界求解时间：0.273000 下界花费时间：0.281000 
bx上界求解时间：0.307000 上界花费时间：0.314000
 bx下界求解时间：0.301000 下界花费时间：0.309000 
模型总求解时间：16.137000  模型求解时间：14.117000 axbx上下届时间：1.388000 结果是否最优:y
***********
Minimum Execution Time:16.137000
Maximum Execution Time:16.137000
Average Execution Time:16.137000
