best_sol:172 44 81 140 79 86 191 31 90 106 3 22 187 62 103 130 171 166 146 20 96 199 116 40 107 35 16 54 161 185 17 56 165 74 92 160 194 10 110 14 43 78 49 123 119 13 66 29 117 139 33 46 72 21 32 98 193 149 164 83 87 157 76 73 181 95 121 24 126 57 147 183 118 88 12 80 143 19 5 42 101 11 137 154 188 25 170 192 39 151 94 134 176 52 2 162 184 132 68 18 113 27 179 0 189 127 135 59 182 112 144 69 55 169 38 85 41 167 196 155 136 114 47 61 89 60 145 159 93 36 6 197 124 158 198 178 168 63 50 67 142 77 173 65 23 153 26 111 186 120 133 34 99 100 15 152 115 48 148 75 102 128 9 125 108 104 28 91 131 1 163 175 82 150 97 138 64 141 58 84 180 30 70 7 53 156 105 122 195 174 4 109 177 71 45 129 190 8 51 37 
exact_result:28504172  是否排列1 ax=2296  bx=12393  cx=49844  obj=28504172
 ax上界求解时间：0.329000 上界花费时间：0.329000
 ax下界求解时间：0.360000 下界花费时间：0.360000 
bx上界求解时间：0.312000 上界花费时间：0.312000
 bx下界求解时间：0.480000 下界花费时间：0.480000 
模型总求解时间：3.481000  模型求解时间：1.750000 axbx上下届时间：1.669000 结果是否最优:y
***********
Minimum Execution Time:3.481000
Maximum Execution Time:3.481000
Average Execution Time:3.481000
best_sol:172 44 81 140 79 86 191 31 90 106 3 22 187 62 103 130 171 166 146 20 96 199 116 40 107 35 16 54 161 185 17 56 165 74 92 160 194 10 110 14 43 78 49 123 119 13 66 29 117 139 33 46 72 21 32 98 193 149 164 83 87 157 76 73 181 95 121 24 126 57 147 183 118 88 12 80 143 19 5 42 101 11 137 154 188 25 170 192 39 151 94 134 176 52 2 162 184 132 68 18 113 27 179 0 189 127 135 59 182 112 144 69 55 169 38 85 41 167 196 155 136 114 47 61 89 60 145 159 93 36 6 197 124 158 198 178 168 63 50 67 142 77 173 65 23 153 26 111 186 120 133 34 99 100 15 152 115 48 148 75 102 128 9 125 108 104 28 91 131 1 163 175 82 150 97 138 64 141 58 84 180 30 70 7 53 156 105 122 195 174 4 109 177 71 45 129 190 8 51 37 
exact_result:28504172  是否排列1 ax=2296  bx=12393  cx=49844  obj=28504172
 ax上界求解时间：0.321000 上界花费时间：0.329000
 ax下界求解时间：0.363000 下界花费时间：0.371000 
bx上界求解时间：0.302000 上界花费时间：0.309000
 bx下界求解时间：0.500000 下界花费时间：0.506000 
模型总求解时间：3.585000  模型求解时间：1.823000 axbx上下届时间：1.697000 结果是否最优:y
***********
Minimum Execution Time:3.585000
Maximum Execution Time:3.585000
Average Execution Time:3.585000
best_sol:172 44 81 140 79 86 191 31 90 106 3 22 187 62 103 130 171 166 146 20 96 199 116 40 107 35 16 54 161 185 17 56 165 74 92 160 194 10 110 14 43 78 49 123 119 13 66 29 117 139 33 46 72 21 32 98 193 149 164 83 87 157 76 73 181 95 121 24 126 57 147 183 118 88 12 80 143 19 5 42 101 11 137 154 188 25 170 192 39 151 94 134 176 52 2 162 184 132 68 18 113 27 179 0 189 127 135 59 182 112 144 69 55 169 38 85 41 167 196 155 136 114 47 61 89 60 145 159 93 36 6 197 124 158 198 178 168 63 50 67 142 77 173 65 23 153 26 111 186 120 133 34 99 100 15 152 115 48 148 75 102 128 9 125 108 104 28 91 131 1 163 175 82 150 97 138 64 141 58 84 180 30 70 7 53 156 105 122 195 174 4 109 177 71 45 129 190 8 51 37 
exact_result:28504172  是否排列1 ax=2296  bx=12393  cx=49844  obj=28504172
 ax上界求解时间：0.323000 上界花费时间：0.330000
 ax下界求解时间：0.375000 下界花费时间：0.382000 
bx上界求解时间：0.319000 上界花费时间：0.326000
 bx下界求解时间：0.491000 下界花费时间：0.497000 
模型总求解时间：3.538000  模型求解时间：1.754000 axbx上下届时间：1.719000 结果是否最优:y
***********
Minimum Execution Time:3.538000
Maximum Execution Time:3.538000
Average Execution Time:3.538000
best_sol:172 44 81 140 79 86 191 31 90 106 3 22 187 62 103 130 171 166 146 20 96 199 116 40 107 35 16 54 161 185 17 56 165 74 92 160 194 10 110 14 43 78 49 123 119 13 66 29 117 139 33 46 72 21 32 98 193 149 164 83 87 157 76 73 181 95 121 24 126 57 147 183 118 88 12 80 143 19 5 42 101 11 137 154 188 25 170 192 39 151 94 134 176 52 2 162 184 132 68 18 113 27 179 0 189 127 135 59 182 112 144 69 55 169 38 85 41 167 196 155 136 114 47 61 89 60 145 159 93 36 6 197 124 158 198 178 168 63 50 67 142 77 173 65 23 153 26 111 186 120 133 34 99 100 15 152 115 48 148 75 102 128 9 125 108 104 28 91 131 1 163 175 82 150 97 138 64 141 58 84 180 30 70 7 53 156 105 122 195 174 4 109 177 71 45 129 190 8 51 37 
exact_result:28504172  是否排列1 ax=2296  bx=12393  cx=49844  obj=28504172
 ax上界求解时间：0.318000 上界花费时间：0.331000
 ax下界求解时间：0.366000 下界花费时间：0.372000 
bx上界求解时间：0.318000 上界花费时间：0.326000
 bx下界求解时间：0.497000 下界花费时间：0.504000 
模型总求解时间：3.533000  模型求解时间：1.755000 axbx上下届时间：1.713000 结果是否最优:y
***********
Minimum Execution Time:3.533000
Maximum Execution Time:3.533000
Average Execution Time:3.533000
best_sol:172 44 81 140 79 86 191 31 90 106 3 22 187 62 103 130 171 166 146 20 96 199 116 40 107 35 16 54 161 185 17 56 165 74 92 160 194 10 110 14 43 78 49 123 119 13 66 29 117 139 33 46 72 21 32 98 193 149 164 83 87 157 76 73 181 95 121 24 126 57 147 183 118 88 12 80 143 19 5 42 101 11 137 154 188 25 170 192 39 151 94 134 176 52 2 162 184 132 68 18 113 27 179 0 189 127 135 59 182 112 144 69 55 169 38 85 41 167 196 155 136 114 47 61 89 60 145 159 93 36 6 197 124 158 198 178 168 63 50 67 142 77 173 65 23 153 26 111 186 120 133 34 99 100 15 152 115 48 148 75 102 128 9 125 108 104 28 91 131 1 163 175 82 150 97 138 64 141 58 84 180 30 70 7 53 156 105 122 195 174 4 109 177 71 45 129 190 8 51 37 
exact_result:28504172  是否排列1 ax=2296  bx=12393  cx=49844  obj=28504172
 ax上界求解时间：0.324000 上界花费时间：0.331000
 ax下界求解时间：0.372000 下界花费时间：0.379000 
bx上界求解时间：0.327000 上界花费时间：0.335000
 bx下界求解时间：0.497000 下界花费时间：0.505000 
模型总求解时间：3.575000  模型求解时间：1.777000 axbx上下届时间：1.733000 结果是否最优:y
***********
Minimum Execution Time:3.575000
Maximum Execution Time:3.575000
Average Execution Time:3.575000
best_sol:172 44 81 140 79 86 191 31 90 106 3 22 187 62 103 130 171 166 146 20 96 199 116 40 107 35 16 54 161 185 17 56 165 74 92 160 194 10 110 14 43 78 49 123 119 13 66 29 117 139 33 46 72 21 32 98 193 149 164 83 87 157 76 73 181 95 121 24 126 57 147 183 118 88 12 80 143 19 5 42 101 11 137 154 188 25 170 192 39 151 94 134 176 52 2 162 184 132 68 18 113 27 179 0 189 127 135 59 182 112 144 69 55 169 38 85 41 167 196 155 136 114 47 61 89 60 145 159 93 36 6 197 124 158 198 178 168 63 50 67 142 77 173 65 23 153 26 111 186 120 133 34 99 100 15 152 115 48 148 75 102 128 9 125 108 104 28 91 131 1 163 175 82 150 97 138 64 141 58 84 180 30 70 7 53 156 105 122 195 174 4 109 177 71 45 129 190 8 51 37 
exact_result:28504172  是否排列1 ax=2296  bx=12393  cx=49844  obj=28504172
 ax上界求解时间：0.327000 上界花费时间：0.334000
 ax下界求解时间：0.384000 下界花费时间：0.392000 
bx上界求解时间：0.326000 上界花费时间：0.333000
 bx下界求解时间：0.531000 下界花费时间：0.538000 
模型总求解时间：3.621000  模型求解时间：1.772000 axbx上下届时间：1.782000 结果是否最优:y
***********
Minimum Execution Time:3.621000
Maximum Execution Time:3.621000
Average Execution Time:3.621000
best_sol:172 44 81 140 79 86 191 31 90 106 3 22 187 62 103 130 171 166 146 20 96 199 116 40 107 35 16 54 161 185 17 56 165 74 92 160 194 10 110 14 43 78 49 123 119 13 66 29 117 139 33 46 72 21 32 98 193 149 164 83 87 157 76 73 181 95 121 24 126 57 147 183 118 88 12 80 143 19 5 42 101 11 137 154 188 25 170 192 39 151 94 134 176 52 2 162 184 132 68 18 113 27 179 0 189 127 135 59 182 112 144 69 55 169 38 85 41 167 196 155 136 114 47 61 89 60 145 159 93 36 6 197 124 158 198 178 168 63 50 67 142 77 173 65 23 153 26 111 186 120 133 34 99 100 15 152 115 48 148 75 102 128 9 125 108 104 28 91 131 1 163 175 82 150 97 138 64 141 58 84 180 30 70 7 53 156 105 122 195 174 4 109 177 71 45 129 190 8 51 37 
exact_result:28504172  是否排列1 ax=2296  bx=12393  cx=49844  obj=28504172
 ax上界求解时间：0.317000 上界花费时间：0.324000
 ax下界求解时间：0.366000 下界花费时间：0.373000 
bx上界求解时间：0.304000 上界花费时间：0.312000
 bx下界求解时间：0.488000 下界花费时间：0.496000 
模型总求解时间：3.503000  模型求解时间：1.754000 axbx上下届时间：1.683000 结果是否最优:y
***********
Minimum Execution Time:3.503000
Maximum Execution Time:3.503000
Average Execution Time:3.503000
best_sol:172 44 81 140 79 86 191 31 90 106 3 22 187 62 103 130 171 166 146 20 96 199 116 40 107 35 16 54 161 185 17 56 165 74 92 160 194 10 110 14 43 78 49 123 119 13 66 29 117 139 33 46 72 21 32 98 193 149 164 83 87 157 76 73 181 95 121 24 126 57 147 183 118 88 12 80 143 19 5 42 101 11 137 154 188 25 170 192 39 151 94 134 176 52 2 162 184 132 68 18 113 27 179 0 189 127 135 59 182 112 144 69 55 169 38 85 41 167 196 155 136 114 47 61 89 60 145 159 93 36 6 197 124 158 198 178 168 63 50 67 142 77 173 65 23 153 26 111 186 120 133 34 99 100 15 152 115 48 148 75 102 128 9 125 108 104 28 91 131 1 163 175 82 150 97 138 64 141 58 84 180 30 70 7 53 156 105 122 195 174 4 109 177 71 45 129 190 8 51 37 
exact_result:28504172  是否排列1 ax=2296  bx=12393  cx=49844  obj=28504172
 ax上界求解时间：0.320000 上界花费时间：0.327000
 ax下界求解时间：0.370000 下界花费时间：0.377000 
bx上界求解时间：0.310000 上界花费时间：0.318000
 bx下界求解时间：0.468000 下界花费时间：0.475000 
模型总求解时间：3.509000  模型求解时间：1.758000 axbx上下届时间：1.688000 结果是否最优:y
***********
Minimum Execution Time:3.509000
Maximum Execution Time:3.509000
Average Execution Time:3.509000
best_sol:172 44 81 140 79 86 191 31 90 106 3 22 187 62 103 130 171 166 146 20 96 199 116 40 107 35 16 54 161 185 17 56 165 74 92 160 194 10 110 14 43 78 49 123 119 13 66 29 117 139 33 46 72 21 32 98 193 149 164 83 87 157 76 73 181 95 121 24 126 57 147 183 118 88 12 80 143 19 5 42 101 11 137 154 188 25 170 192 39 151 94 134 176 52 2 162 184 132 68 18 113 27 179 0 189 127 135 59 182 112 144 69 55 169 38 85 41 167 196 155 136 114 47 61 89 60 145 159 93 36 6 197 124 158 198 178 168 63 50 67 142 77 173 65 23 153 26 111 186 120 133 34 99 100 15 152 115 48 148 75 102 128 9 125 108 104 28 91 131 1 163 175 82 150 97 138 64 141 58 84 180 30 70 7 53 156 105 122 195 174 4 109 177 71 45 129 190 8 51 37 
exact_result:28504172  是否排列1 ax=2296  bx=12393  cx=49844  obj=28504172
 ax上界求解时间：0.319000 上界花费时间：0.327000
 ax下界求解时间：0.363000 下界花费时间：0.371000 
bx上界求解时间：0.313000 上界花费时间：0.330000
 bx下界求解时间：0.491000 下界花费时间：0.503000 
模型总求解时间：3.531000  模型求解时间：1.755000 axbx上下届时间：1.711000 结果是否最优:y
***********
Minimum Execution Time:3.531000
Maximum Execution Time:3.531000
Average Execution Time:3.531000
best_sol:172 44 81 140 79 86 191 31 90 106 3 22 187 62 103 130 171 166 146 20 96 199 116 40 107 35 16 54 161 185 17 56 165 74 92 160 194 10 110 14 43 78 49 123 119 13 66 29 117 139 33 46 72 21 32 98 193 149 164 83 87 157 76 73 181 95 121 24 126 57 147 183 118 88 12 80 143 19 5 42 101 11 137 154 188 25 170 192 39 151 94 134 176 52 2 162 184 132 68 18 113 27 179 0 189 127 135 59 182 112 144 69 55 169 38 85 41 167 196 155 136 114 47 61 89 60 145 159 93 36 6 197 124 158 198 178 168 63 50 67 142 77 173 65 23 153 26 111 186 120 133 34 99 100 15 152 115 48 148 75 102 128 9 125 108 104 28 91 131 1 163 175 82 150 97 138 64 141 58 84 180 30 70 7 53 156 105 122 195 174 4 109 177 71 45 129 190 8 51 37 
exact_result:28504172  是否排列1 ax=2296  bx=12393  cx=49844  obj=28504172
 ax上界求解时间：0.328000 上界花费时间：0.334000
 ax下界求解时间：0.378000 下界花费时间：0.384000 
bx上界求解时间：0.315000 上界花费时间：0.322000
 bx下界求解时间：0.478000 下界花费时间：0.486000 
模型总求解时间：3.537000  模型求解时间：1.759000 axbx上下届时间：1.711000 结果是否最优:y
***********
Minimum Execution Time:3.537000
Maximum Execution Time:3.537000
Average Execution Time:3.537000
best_sol:172 44 81 140 79 86 191 31 90 106 3 22 187 62 103 130 171 166 146 20 96 199 116 40 107 35 16 54 161 185 17 56 165 74 92 160 194 10 110 14 43 78 49 123 119 13 66 29 117 139 33 46 72 21 32 98 193 149 164 83 87 157 76 73 181 95 121 24 126 57 147 183 118 88 12 80 143 19 5 42 101 11 137 154 188 25 170 192 39 151 94 134 176 52 2 162 184 132 68 18 113 27 179 0 189 127 135 59 182 112 144 69 55 169 38 85 41 167 196 155 136 114 47 61 89 60 145 159 93 36 6 197 124 158 198 178 168 63 50 67 142 77 173 65 23 153 26 111 186 120 133 34 99 100 15 152 115 48 148 75 102 128 9 125 108 104 28 91 131 1 163 175 82 150 97 138 64 141 58 84 180 30 70 7 53 156 105 122 195 174 4 109 177 71 45 129 190 8 51 37 
exact_result:28504172  是否排列1 ax=2296  bx=12393  cx=49844  obj=28504172
 ax上界求解时间：0.321000 上界花费时间：0.328000
 ax下界求解时间：0.377000 下界花费时间：0.384000 
bx上界求解时间：0.315000 上界花费时间：0.323000
 bx下界求解时间：0.476000 下界花费时间：0.484000 
模型总求解时间：3.524000  模型求解时间：1.757000 axbx上下届时间：1.702000 结果是否最优:y
***********
Minimum Execution Time:3.524000
Maximum Execution Time:3.524000
Average Execution Time:3.524000
best_sol:172 44 81 140 79 86 191 31 90 106 3 22 187 62 103 130 171 166 146 20 96 199 116 40 107 35 16 54 161 185 17 56 165 74 92 160 194 10 110 14 43 78 49 123 119 13 66 29 117 139 33 46 72 21 32 98 193 149 164 83 87 157 76 73 181 95 121 24 126 57 147 183 118 88 12 80 143 19 5 42 101 11 137 154 188 25 170 192 39 151 94 134 176 52 2 162 184 132 68 18 113 27 179 0 189 127 135 59 182 112 144 69 55 169 38 85 41 167 196 155 136 114 47 61 89 60 145 159 93 36 6 197 124 158 198 178 168 63 50 67 142 77 173 65 23 153 26 111 186 120 133 34 99 100 15 152 115 48 148 75 102 128 9 125 108 104 28 91 131 1 163 175 82 150 97 138 64 141 58 84 180 30 70 7 53 156 105 122 195 174 4 109 177 71 45 129 190 8 51 37 
exact_result:28504172  是否排列1 ax=2296  bx=12393  cx=49844  obj=28504172
 ax上界求解时间：0.318000 上界花费时间：0.324000
 ax下界求解时间：0.369000 下界花费时间：0.375000 
bx上界求解时间：0.306000 上界花费时间：0.313000
 bx下界求解时间：0.520000 下界花费时间：0.528000 
模型总求解时间：3.537000  模型求解时间：1.754000 axbx上下届时间：1.718000 结果是否最优:y
***********
Minimum Execution Time:3.537000
Maximum Execution Time:3.537000
Average Execution Time:3.537000
best_sol:172 44 81 140 79 86 191 31 90 106 3 22 187 62 103 130 171 166 146 20 96 199 116 40 107 35 16 54 161 185 17 56 165 74 92 160 194 10 110 14 43 78 49 123 119 13 66 29 117 139 33 46 72 21 32 98 193 149 164 83 87 157 76 73 181 95 121 24 126 57 147 183 118 88 12 80 143 19 5 42 101 11 137 154 188 25 170 192 39 151 94 134 176 52 2 162 184 132 68 18 113 27 179 0 189 127 135 59 182 112 144 69 55 169 38 85 41 167 196 155 136 114 47 61 89 60 145 159 93 36 6 197 124 158 198 178 168 63 50 67 142 77 173 65 23 153 26 111 186 120 133 34 99 100 15 152 115 48 148 75 102 128 9 125 108 104 28 91 131 1 163 175 82 150 97 138 64 141 58 84 180 30 70 7 53 156 105 122 195 174 4 109 177 71 45 129 190 8 51 37 
exact_result:28504172  是否排列1 ax=2296  bx=12393  cx=49844  obj=28504172
 ax上界求解时间：0.326000 上界花费时间：0.333000
 ax下界求解时间：0.388000 下界花费时间：0.398000 
bx上界求解时间：0.309000 上界花费时间：0.316000
 bx下界求解时间：0.465000 下界花费时间：0.472000 
模型总求解时间：5.386000  模型求解时间：3.625000 axbx上下届时间：1.697000 结果是否最优:y
***********
Minimum Execution Time:5.386000
Maximum Execution Time:5.386000
Average Execution Time:5.386000
best_sol:172 44 81 140 79 86 191 31 90 106 3 22 187 62 103 130 171 166 146 20 96 199 116 40 107 35 16 54 161 185 17 56 165 74 92 160 194 10 110 14 43 78 49 123 119 13 66 29 117 139 33 46 72 21 32 98 193 149 164 83 87 157 76 73 181 95 121 24 126 57 147 183 118 88 12 80 143 19 5 42 101 11 137 154 188 25 170 192 39 151 94 134 176 52 2 162 184 132 68 18 113 27 179 0 189 127 135 59 182 112 144 69 55 169 38 85 41 167 196 155 136 114 47 61 89 60 145 159 93 36 6 197 124 158 198 178 168 63 50 67 142 77 173 65 23 153 26 111 186 120 133 34 99 100 15 152 115 48 148 75 102 128 9 125 108 104 28 91 131 1 163 175 82 150 97 138 64 141 58 84 180 30 70 7 53 156 105 122 195 174 4 109 177 71 45 129 190 8 51 37 
exact_result:28504172  是否排列1 ax=2296  bx=12393  cx=49844  obj=28504172
 ax上界求解时间：0.344000 上界花费时间：0.350000
 ax下界求解时间：0.380000 下界花费时间：0.386000 
bx上界求解时间：0.320000 上界花费时间：0.328000
 bx下界求解时间：0.469000 下界花费时间：0.477000 
模型总求解时间：5.397000  模型求解时间：3.614000 axbx上下届时间：1.718000 结果是否最优:y
***********
Minimum Execution Time:5.397000
Maximum Execution Time:5.397000
Average Execution Time:5.397000
best_sol:172 44 81 140 79 86 191 31 90 106 3 22 187 62 103 130 171 166 146 20 96 199 116 40 107 35 16 54 161 185 17 56 165 74 92 160 194 10 110 14 43 78 49 123 119 13 66 29 117 139 33 46 72 21 32 98 193 149 164 83 87 157 76 73 181 95 121 24 126 57 147 183 118 88 12 80 143 19 5 42 101 11 137 154 188 25 170 192 39 151 94 134 176 52 2 162 184 132 68 18 113 27 179 0 189 127 135 59 182 112 144 69 55 169 38 85 41 167 196 155 136 114 47 61 89 60 145 159 93 36 6 197 124 158 198 178 168 63 50 67 142 77 173 65 23 153 26 111 186 120 133 34 99 100 15 152 115 48 148 75 102 128 9 125 108 104 28 91 131 1 163 175 82 150 97 138 64 141 58 84 180 30 70 7 53 156 105 122 195 174 4 109 177 71 45 129 190 8 51 37 
exact_result:28504172  是否排列1 ax=2296  bx=12393  cx=49844  obj=28504172
 ax上界求解时间：0.326000 上界花费时间：0.332000
 ax下界求解时间：0.373000 下界花费时间：0.380000 
bx上界求解时间：0.343000 上界花费时间：0.351000
 bx下界求解时间：0.460000 下界花费时间：0.468000 
模型总求解时间：5.341000  模型求解时间：3.564000 axbx上下届时间：1.711000 结果是否最优:y
***********
Minimum Execution Time:5.341000
Maximum Execution Time:5.341000
Average Execution Time:5.341000
best_sol:172 44 81 140 79 86 191 31 90 106 3 22 187 62 103 130 171 166 146 20 96 199 116 40 107 35 16 54 161 185 17 56 165 74 92 160 194 10 110 14 43 78 49 123 119 13 66 29 117 139 33 46 72 21 32 98 193 149 164 83 87 157 76 73 181 95 121 24 126 57 147 183 118 88 12 80 143 19 5 42 101 11 137 154 188 25 170 192 39 151 94 134 176 52 2 162 184 132 68 18 113 27 179 0 189 127 135 59 182 112 144 69 55 169 38 85 41 167 196 155 136 114 47 61 89 60 145 159 93 36 6 197 124 158 198 178 168 63 50 67 142 77 173 65 23 153 26 111 186 120 133 34 99 100 15 152 115 48 148 75 102 128 9 125 108 104 28 91 131 1 163 175 82 150 97 138 64 141 58 84 180 30 70 7 53 156 105 122 195 174 4 109 177 71 45 129 190 8 51 37 
exact_result:28504172 exactresult2:28504172.000000 是否排列1 ax=2296  bx=12393  cx=49844  obj=28504172
 ax上界求解时间：0.342000 上界花费时间：0.349000
 ax下界求解时间：0.458000 下界花费时间：0.468000 
bx上界求解时间：0.302000 上界花费时间：0.309000
 bx下界求解时间：0.429000 下界花费时间：0.436000 
模型总求解时间：4.217000  模型求解时间：1.806000 axbx上下届时间：1.766000 结果是否最优:y
***********
Minimum Execution Time:4.217000
Maximum Execution Time:4.217000
Average Execution Time:4.217000
best_sol:172 44 81 140 79 86 191 31 90 106 3 22 187 62 103 130 171 166 146 20 96 199 116 40 107 35 16 54 161 185 17 56 165 74 92 160 194 10 110 14 43 78 49 123 119 13 66 29 117 139 33 46 72 21 32 98 193 149 164 83 87 157 76 73 181 95 121 24 126 57 147 183 118 88 12 80 143 19 5 42 101 11 137 154 188 25 170 192 39 151 94 134 176 52 2 162 184 132 68 18 113 27 179 0 189 127 135 59 182 112 144 69 55 169 38 85 41 167 196 155 136 114 47 61 89 60 145 159 93 36 6 197 124 158 198 178 168 63 50 67 142 77 173 65 23 153 26 111 186 120 133 34 99 100 15 152 115 48 148 75 102 128 9 125 108 104 28 91 131 1 163 175 82 150 97 138 64 141 58 84 180 30 70 7 53 156 105 122 195 174 4 109 177 71 45 129 190 8 51 37 
exact_result:28504172 exactresult2:28504172.000000 是否排列1 ax=2296  bx=12393  cx=49844  obj=28504172
 ax上界求解时间：0.327000 上界花费时间：0.334000
 ax下界求解时间：0.375000 下界花费时间：0.383000 
bx上界求解时间：0.304000 上界花费时间：0.312000
 bx下界求解时间：0.563000 下界花费时间：0.571000 
模型总求解时间：4.190000  模型求解时间：1.778000 axbx上下届时间：1.779000 结果是否最优:y
***********
Minimum Execution Time:4.190000
Maximum Execution Time:4.190000
Average Execution Time:4.190000
best_sol:172 44 81 140 79 86 191 31 90 106 3 22 187 62 103 130 171 166 146 20 96 199 116 40 107 35 16 54 161 185 17 56 165 74 92 160 194 10 110 14 43 78 49 123 119 13 66 29 117 139 33 46 72 21 32 98 193 149 164 83 87 157 76 73 181 95 121 24 126 57 147 183 118 88 12 80 143 19 5 42 101 11 137 154 188 25 170 192 39 151 94 134 176 52 2 162 184 132 68 18 113 27 179 0 189 127 135 59 182 112 144 69 55 169 38 85 41 167 196 155 136 114 47 61 89 60 145 159 93 36 6 197 124 158 198 178 168 63 50 67 142 77 173 65 23 153 26 111 186 120 133 34 99 100 15 152 115 48 148 75 102 128 9 125 108 104 28 91 131 1 163 175 82 150 97 138 64 141 58 84 180 30 70 7 53 156 105 122 195 174 4 109 177 71 45 129 190 8 51 37 
exact_result:28504172 exactresult2:28504172.000000 是否排列1 ax=2296  bx=12393  cx=49844  obj=28504172
 ax上界求解时间：0.323000 上界花费时间：0.330000
 ax下界求解时间：0.378000 下界花费时间：0.387000 
bx上界求解时间：0.317000 上界花费时间：0.324000
 bx下界求解时间：0.522000 下界花费时间：0.530000 
模型总求解时间：4.151000  模型求解时间：1.775000 axbx上下届时间：1.744000 结果是否最优:y
***********
Minimum Execution Time:4.151000
Maximum Execution Time:4.151000
Average Execution Time:4.151000
best_sol:172 44 81 140 79 86 191 31 90 106 3 22 187 62 103 130 171 166 146 20 96 199 116 40 107 35 16 54 161 185 17 56 165 74 92 160 194 10 110 14 43 78 49 123 119 13 66 29 117 139 33 46 72 21 32 98 193 149 164 83 87 157 76 73 181 95 121 24 126 57 147 183 118 88 12 80 143 19 5 42 101 11 137 154 188 25 170 192 39 151 94 134 176 52 2 162 184 132 68 18 113 27 179 0 189 127 135 59 182 112 144 69 55 169 38 85 41 167 196 155 136 114 47 61 89 60 145 159 93 36 6 197 124 158 198 178 168 63 50 67 142 77 173 65 23 153 26 111 186 120 133 34 99 100 15 152 115 48 148 75 102 128 9 125 108 104 28 91 131 1 163 175 82 150 97 138 64 141 58 84 180 30 70 7 53 156 105 122 195 174 4 109 177 71 45 129 190 8 51 37 
exact_result:28504172 exactresult2:28504172.000000 是否排列1 ax=2296  bx=12393  cx=49844  obj=28504172
 ax上界求解时间：0.322000 上界花费时间：0.330000
 ax下界求解时间：0.377000 下界花费时间：0.385000 
bx上界求解时间：0.310000 上界花费时间：0.318000
 bx下界求解时间：0.473000 下界花费时间：0.481000 
模型总求解时间：4.111000  模型求解时间：1.795000 axbx上下届时间：1.689000 结果是否最优:y
***********
Minimum Execution Time:4.111000
Maximum Execution Time:4.111000
Average Execution Time:4.111000
best_sol:172 44 81 140 79 86 191 31 90 106 3 22 187 62 103 130 171 166 146 20 96 199 116 40 107 35 16 54 161 185 17 56 165 74 92 160 194 10 110 14 43 78 49 123 119 13 66 29 117 139 33 46 72 21 32 98 193 149 164 83 87 157 76 73 181 95 121 24 126 57 147 183 118 88 12 80 143 19 5 42 101 11 137 154 188 25 170 192 39 151 94 134 176 52 2 162 184 132 68 18 113 27 179 0 189 127 135 59 182 112 144 69 55 169 38 85 41 167 196 155 136 114 47 61 89 60 145 159 93 36 6 197 124 158 198 178 168 63 50 67 142 77 173 65 23 153 26 111 186 120 133 34 99 100 15 152 115 48 148 75 102 128 9 125 108 104 28 91 131 1 163 175 82 150 97 138 64 141 58 84 180 30 70 7 53 156 105 122 195 174 4 109 177 71 45 129 190 8 51 37 
exact_result:28504172 exactresult2:28504172.000000 是否排列1 ax=2296  bx=12393  cx=49844  obj=28504172
 ax上界求解时间：0.322000 上界花费时间：0.330000
 ax下界求解时间：0.372000 下界花费时间：0.378000 
bx上界求解时间：0.345000 上界花费时间：0.351000
 bx下界求解时间：0.473000 下界花费时间：0.481000 
模型总求解时间：4.176000  模型求解时间：1.819000 axbx上下届时间：1.726000 结果是否最优:y
***********
Minimum Execution Time:4.176000
Maximum Execution Time:4.176000
Average Execution Time:4.176000
best_sol:172 44 81 140 79 86 191 31 90 106 3 22 187 62 103 130 171 166 146 20 96 199 116 40 107 35 16 54 161 185 17 56 165 74 92 160 194 10 110 14 43 78 49 123 119 13 66 29 117 139 33 46 72 21 32 98 193 149 164 83 87 157 76 73 181 95 121 24 126 57 147 183 118 88 12 80 143 19 5 42 101 11 137 154 188 25 170 192 39 151 94 134 176 52 2 162 184 132 68 18 113 27 179 0 189 127 135 59 182 112 144 69 55 169 38 85 41 167 196 155 136 114 47 61 89 60 145 159 93 36 6 197 124 158 198 178 168 63 50 67 142 77 173 65 23 153 26 111 186 120 133 34 99 100 15 152 115 48 148 75 102 128 9 125 108 104 28 91 131 1 163 175 82 150 97 138 64 141 58 84 180 30 70 7 53 156 105 122 195 174 4 109 177 71 45 129 190 8 51 37 
exact_result:28504172 exactresult2:28504172.000000 是否排列1 ax=2296  bx=12393  cx=49844  obj=28504172
 ax上界求解时间：0.325000 上界花费时间：0.331000
 ax下界求解时间：0.382000 下界花费时间：0.389000 
bx上界求解时间：0.326000 上界花费时间：0.333000
 bx下界求解时间：0.508000 下界花费时间：0.516000 
模型总求解时间：4.157000  模型求解时间：1.786000 axbx上下届时间：1.750000 结果是否最优:y
***********
Minimum Execution Time:4.157000
Maximum Execution Time:4.157000
Average Execution Time:4.157000
