best_sol:172 44 81 140 79 86 191 31 90 106 3 22 187 62 103 130 171 166 146 20 96 199 116 40 107 35 16 54 161 185 17 56 165 74 92 160 194 10 110 14 43 78 49 123 119 13 66 29 117 139 33 46 72 21 32 98 193 149 164 83 87 157 76 73 181 95 121 24 126 57 147 183 118 88 12 80 143 19 5 42 101 11 137 154 188 25 170 192 39 151 94 134 176 52 2 162 184 132 68 18 113 27 179 0 189 127 135 59 182 112 144 69 55 169 38 85 41 167 196 155 136 114 47 61 89 60 145 159 93 36 6 197 124 158 198 178 168 63 50 67 142 77 173 65 23 153 26 111 186 120 133 34 99 100 15 152 115 48 148 75 102 128 9 125 108 104 28 91 131 1 163 175 82 150 97 138 64 141 58 84 180 30 70 7 53 156 105 122 195 174 4 109 177 71 45 129 190 8 51 37 
exact_result:28504172 exactresult2:28504172.000000 是否排列1 ax=2296  bx=12393  cx=49844  obj=28504172
 ax上界求解时间：0.374000 上界花费时间：0.382000
 ax下界求解时间：0.443000 下界花费时间：0.449000 
bx上界求解时间：0.332000 上界花费时间：0.338000
 bx下界求解时间：0.572000 下界花费时间：0.581000 
模型总求解时间：113.681000  模型求解时间：1.819000 axbx上下届时间：2.017000 结果是否最优:y
***********
Minimum Execution Time:113.681000
Maximum Execution Time:113.681000
Average Execution Time:113.681000
best_sol:172 44 81 140 79 86 191 31 90 106 3 22 187 62 103 130 171 166 146 20 96 199 116 40 107 35 16 54 161 185 17 56 165 74 92 160 194 10 110 14 43 78 49 123 119 13 66 29 117 139 33 46 72 21 32 98 193 149 164 83 87 157 76 73 181 95 121 24 126 57 147 183 118 88 12 80 143 19 5 42 101 11 137 154 188 25 170 192 39 151 94 134 176 52 2 162 184 132 68 18 113 27 179 0 189 127 135 59 182 112 144 69 55 169 38 85 41 167 196 155 136 114 47 61 89 60 145 159 93 36 6 197 124 158 198 178 168 63 50 67 142 77 173 65 23 153 26 111 186 120 133 34 99 100 15 152 115 48 148 75 102 128 9 125 108 104 28 91 131 1 163 175 82 150 97 138 64 141 58 84 180 30 70 7 53 156 105 122 195 174 4 109 177 71 45 129 190 8 51 37 
exact_result:28504172 exactresult2:28504172.000000 是否排列1 ax=2296  bx=12393  cx=49844  obj=28504172
 ax上界求解时间：0.326000 上界花费时间：0.333000
 ax下界求解时间：0.373000 下界花费时间：0.380000 
bx上界求解时间：0.314000 上界花费时间：0.321000
 bx下界求解时间：0.488000 下界花费时间：0.495000 
模型总求解时间：43.297000  模型求解时间：1.811000 axbx上下届时间：1.706000 结果是否最优:y
***********
Minimum Execution Time:43.297000
Maximum Execution Time:43.297000
Average Execution Time:43.297000
best_sol:172 44 81 140 79 86 191 31 90 106 3 22 187 62 103 130 171 166 146 20 96 199 116 40 107 35 16 54 161 185 17 56 165 74 92 160 194 10 110 14 43 78 49 123 119 13 66 29 117 139 33 46 72 21 32 98 193 149 164 83 87 157 76 73 181 95 121 24 126 57 147 183 118 88 12 80 143 19 5 42 101 11 137 154 188 25 170 192 39 151 94 134 176 52 2 162 184 132 68 18 113 27 179 0 189 127 135 59 182 112 144 69 55 169 38 85 41 167 196 155 136 114 47 61 89 60 145 159 93 36 6 197 124 158 198 178 168 63 50 67 142 77 173 65 23 153 26 111 186 120 133 34 99 100 15 152 115 48 148 75 102 128 9 125 108 104 28 91 131 1 163 175 82 150 97 138 64 141 58 84 180 30 70 7 53 156 105 122 195 174 4 109 177 71 45 129 190 8 51 37 
exact_result:28504172 exactresult2:28504172.000000 是否排列1 ax=2296  bx=12393  cx=49844  obj=28504172
 ax上界求解时间：0.319000 上界花费时间：0.326000
 ax下界求解时间：0.369000 下界花费时间：0.376000 
bx上界求解时间：0.314000 上界花费时间：0.320000
 bx下界求解时间：0.539000 下界花费时间：0.547000 
模型总求解时间：42.853000  模型求解时间：1.796000 axbx上下届时间：1.746000 结果是否最优:y
***********
Minimum Execution Time:42.853000
Maximum Execution Time:42.853000
Average Execution Time:42.853000
best_sol:172 44 81 140 79 86 191 31 90 106 3 22 187 62 103 130 171 166 146 20 96 199 116 40 107 35 16 54 161 185 17 56 165 74 92 160 194 10 110 14 43 78 49 123 119 13 66 29 117 139 33 46 72 21 32 98 193 149 164 83 87 157 76 73 181 95 121 24 126 57 147 183 118 88 12 80 143 19 5 42 101 11 137 154 188 25 170 192 39 151 94 134 176 52 2 162 184 132 68 18 113 27 179 0 189 127 135 59 182 112 144 69 55 169 38 85 41 167 196 155 136 114 47 61 89 60 145 159 93 36 6 197 124 158 198 178 168 63 50 67 142 77 173 65 23 153 26 111 186 120 133 34 99 100 15 152 115 48 148 75 102 128 9 125 108 104 28 91 131 1 163 175 82 150 97 138 64 141 58 84 180 30 70 7 53 156 105 122 195 174 4 109 177 71 45 129 190 8 51 37 
exact_result:28504172 exactresult2:28504172.000000 是否排列1 ax=2296  bx=12393  cx=49844  obj=28504172
 ax上界求解时间：0.322000 上界花费时间：0.330000
 ax下界求解时间：0.378000 下界花费时间：0.385000 
bx上界求解时间：0.314000 上界花费时间：0.321000
 bx下界求解时间：0.524000 下界花费时间：0.532000 
模型总求解时间：8.416000  模型求解时间：1.772000 axbx上下届时间：1.742000 结果是否最优:y
***********
Minimum Execution Time:8.416000
Maximum Execution Time:8.416000
Average Execution Time:8.416000
best_sol:172 44 81 140 79 86 191 31 90 106 3 22 187 62 103 130 171 166 146 20 96 199 116 40 107 35 16 54 161 185 17 56 165 74 92 160 194 10 110 14 43 78 49 123 119 13 66 29 117 139 33 46 72 21 32 98 193 149 164 83 87 157 76 73 181 95 121 24 126 57 147 183 118 88 12 80 143 19 5 42 101 11 137 154 188 25 170 192 39 151 94 134 176 52 2 162 184 132 68 18 113 27 179 0 189 127 135 59 182 112 144 69 55 169 38 85 41 167 196 155 136 114 47 61 89 60 145 159 93 36 6 197 124 158 198 178 168 63 50 67 142 77 173 65 23 153 26 111 186 120 133 34 99 100 15 152 115 48 148 75 102 128 9 125 108 104 28 91 131 1 163 175 82 150 97 138 64 141 58 84 180 30 70 7 53 156 105 122 195 174 4 109 177 71 45 129 190 8 51 37 
exact_result:28504172 exactresult2:28504172.000000 是否排列1 ax=2296  bx=12393  cx=49844  obj=28504172
 ax上界求解时间：0.322000 上界花费时间：0.329000
 ax下界求解时间：0.368000 下界花费时间：0.375000 
bx上界求解时间：0.309000 上界花费时间：0.315000
 bx下界求解时间：0.485000 下界花费时间：0.493000 
模型总求解时间：8.321000  模型求解时间：1.792000 axbx上下届时间：1.692000 结果是否最优:y
***********
Minimum Execution Time:8.321000
Maximum Execution Time:8.321000
Average Execution Time:8.321000
best_sol:172 44 81 140 79 86 191 31 90 106 3 22 187 62 103 130 171 166 146 20 96 199 116 40 107 35 16 54 161 185 17 56 165 74 92 160 194 10 110 14 43 78 49 123 119 13 66 29 117 139 33 46 72 21 32 98 193 149 164 83 87 157 76 73 181 95 121 24 126 57 147 183 118 88 12 80 143 19 5 42 101 11 137 154 188 25 170 192 39 151 94 134 176 52 2 162 184 132 68 18 113 27 179 0 189 127 135 59 182 112 144 69 55 169 38 85 41 167 196 155 136 114 47 61 89 60 145 159 93 36 6 197 124 158 198 178 168 63 50 67 142 77 173 65 23 153 26 111 186 120 133 34 99 100 15 152 115 48 148 75 102 128 9 125 108 104 28 91 131 1 163 175 82 150 97 138 64 141 58 84 180 30 70 7 53 156 105 122 195 174 4 109 177 71 45 129 190 8 51 37 
exact_result:28504172 exactresult2:28504172.000000 是否排列1 ax=2296  bx=12393  cx=49844  obj=28504172
 ax上界求解时间：0.322000 上界花费时间：0.330000
 ax下界求解时间：0.372000 下界花费时间：0.380000 
bx上界求解时间：0.310000 上界花费时间：0.317000
 bx下界求解时间：0.476000 下界花费时间：0.484000 
模型总求解时间：11.190000  模型求解时间：1.769000 axbx上下届时间：1.688000 结果是否最优:y
***********
Minimum Execution Time:11.190000
Maximum Execution Time:11.190000
Average Execution Time:11.190000
best_sol:172 44 81 140 79 86 191 31 90 106 3 22 187 62 103 130 171 166 146 20 96 199 116 40 107 35 16 54 161 185 17 56 165 74 92 160 194 10 110 14 43 78 49 123 119 13 66 29 117 139 33 46 72 21 32 98 193 149 164 83 87 157 76 73 181 95 121 24 126 57 147 183 118 88 12 80 143 19 5 42 101 11 137 154 188 25 170 192 39 151 94 134 176 52 2 162 184 132 68 18 113 27 179 0 189 127 135 59 182 112 144 69 55 169 38 85 41 167 196 155 136 114 47 61 89 60 145 159 93 36 6 197 124 158 198 178 168 63 50 67 142 77 173 65 23 153 26 111 186 120 133 34 99 100 15 152 115 48 148 75 102 128 9 125 108 104 28 91 131 1 163 175 82 150 97 138 64 141 58 84 180 30 70 7 53 156 105 122 195 174 4 109 177 71 45 129 190 8 51 37 
exact_result:28504172 exactresult2:28504172.000000 是否排列1 ax=2296  bx=12393  cx=49844  obj=28504172
 ax上界求解时间：0.323000 上界花费时间：0.330000
 ax下界求解时间：0.376000 下界花费时间：0.382000 
bx上界求解时间：0.313000 上界花费时间：0.320000
 bx下界求解时间：0.476000 下界花费时间：0.483000 
模型总求解时间：39.052000  模型求解时间：1.764000 axbx上下届时间：1.697000 结果是否最优:y
***********
Minimum Execution Time:39.052000
Maximum Execution Time:39.052000
Average Execution Time:39.052000
best_sol:172 44 81 140 79 86 191 31 90 106 3 22 187 62 103 130 171 166 146 20 96 199 116 40 107 35 16 54 161 185 17 56 165 74 92 160 194 10 110 14 43 78 49 123 119 13 66 29 117 139 33 46 72 21 32 98 193 149 164 83 87 157 76 73 181 95 121 24 126 57 147 183 118 88 12 80 143 19 5 42 101 11 137 154 188 25 170 192 39 151 94 134 176 52 2 162 184 132 68 18 113 27 179 0 189 127 135 59 182 112 144 69 55 169 38 85 41 167 196 155 136 114 47 61 89 60 145 159 93 36 6 197 124 158 198 178 168 63 50 67 142 77 173 65 23 153 26 111 186 120 133 34 99 100 15 152 115 48 148 75 102 128 9 125 108 104 28 91 131 1 163 175 82 150 97 138 64 141 58 84 180 30 70 7 53 156 105 122 195 174 4 109 177 71 45 129 190 8 51 37 
exact_result:28504172 exactresult2:28504172.000000 是否排列1 ax=2296  bx=12393  cx=49844  obj=28504172
 ax上界求解时间：0.325000 上界花费时间：0.332000
 ax下界求解时间：0.374000 下界花费时间：0.381000 
bx上界求解时间：0.304000 上界花费时间：0.315000
 bx下界求解时间：0.490000 下界花费时间：0.501000 
模型总求解时间：4.096000  模型求解时间：1.769000 axbx上下届时间：1.708000 结果是否最优:y
***********
Minimum Execution Time:4.096000
Maximum Execution Time:4.096000
Average Execution Time:4.096000
best_sol:172 44 81 140 79 86 191 31 90 106 3 22 187 62 103 130 171 166 146 20 96 199 116 40 107 35 16 54 161 185 17 56 165 74 92 160 194 10 110 14 43 78 49 123 119 13 66 29 117 139 33 46 72 21 32 98 193 149 164 83 87 157 76 73 181 95 121 24 126 57 147 183 118 88 12 80 143 19 5 42 101 11 137 154 188 25 170 192 39 151 94 134 176 52 2 162 184 132 68 18 113 27 179 0 189 127 135 59 182 112 144 69 55 169 38 85 41 167 196 155 136 114 47 61 89 60 145 159 93 36 6 197 124 158 198 178 168 63 50 67 142 77 173 65 23 153 26 111 186 120 133 34 99 100 15 152 115 48 148 75 102 128 9 125 108 104 28 91 131 1 163 175 82 150 97 138 64 141 58 84 180 30 70 7 53 156 105 122 195 174 4 109 177 71 45 129 190 8 51 37 
exact_result:28504172 exactresult2:28504172.000000 是否排列1 ax=2296  bx=12393  cx=49844  obj=28504172
 ax上界求解时间：0.327000 上界花费时间：0.334000
 ax下界求解时间：0.371000 下界花费时间：0.379000 
bx上界求解时间：0.307000 上界花费时间：0.313000
 bx下界求解时间：0.478000 下界花费时间：0.485000 
模型总求解时间：12.996000  模型求解时间：1.775000 axbx上下届时间：1.689000 结果是否最优:y
***********
Minimum Execution Time:12.996000
Maximum Execution Time:12.996000
Average Execution Time:12.996000
