best_sol:115 284 275 362 121 10 390 116 102 274 524 141 277 575 261 311 345 145 177 99 213 587 361 193 237 231 266 330 496 413 101 212 294 214 81 516 200 203 546 21 527 245 3 281 438 22 428 1 272 271 131 57 85 485 224 577 382 466 206 525 103 446 12 138 222 291 338 514 17 559 347 208 572 59 534 377 459 86 315 154 241 171 192 510 152 412 66 473 2 464 591 569 273 4 35 232 321 422 109 163 31 486 388 331 63 391 552 481 64 105 424 450 336 40 478 423 292 418 571 324 255 355 186 36 18 122 594 542 398 498 468 408 427 379 144 471 333 595 460 269 11 201 218 429 173 358 426 341 229 52 293 586 127 469 139 168 421 256 95 359 74 92 142 419 167 339 480 184 98 251 287 399 335 128 588 100 114 535 397 75 585 151 444 76 475 470 452 342 507 297 104 506 505 300 326 517 344 364 44 367 565 28 205 400 593 451 209 267 135 230 320 500 25 226 252 564 352 82 433 20 462 45 566 489 386 349 327 322 548 598 449 590 541 461 83 340 191 385 280 570 356 50 523 246 544 54 589 215 490 441 405 568 417 332 19 487 55 286 584 474 146 456 16 497 465 316 249 120 41 578 77 133 33 24 492 290 520 579 420 513 434 198 375 53 393 298 242 432 302 153 37 236 178 202 353 443 150 225 0 538 567 380 354 179 384 156 463 278 532 368 303 536 89 580 305 289 207 308 334 337 573 521 148 84 488 282 357 582 555 190 78 180 254 187 402 113 126 90 414 56 484 220 147 285 264 533 238 32 71 58 318 165 416 130 211 440 14 106 189 383 169 351 376 134 493 172 551 323 158 270 23 43 7 299 61 411 27 472 515 540 476 529 216 409 136 457 581 196 283 494 94 47 155 62 392 235 556 260 262 576 69 65 503 124 537 372 170 526 599 175 67 8 234 479 313 553 596 309 563 435 477 149 265 455 381 448 26 123 350 162 30 508 518 370 495 458 228 137 119 185 436 574 253 110 325 592 394 425 240 117 188 239 371 317 453 257 80 258 48 304 329 107 166 550 195 561 49 295 366 501 328 259 343 312 504 88 583 454 112 60 161 482 38 431 223 499 174 197 562 396 210 365 51 111 374 403 219 447 243 204 15 34 395 250 406 129 301 360 96 483 68 70 519 509 410 263 369 6 549 389 79 46 543 319 9 442 176 502 387 91 247 310 445 13 279 547 181 307 118 557 511 276 373 430 93 160 183 29 143 407 437 73 531 194 217 125 530 439 597 244 528 72 248 164 157 97 545 522 140 314 233 268 415 159 467 108 512 378 401 221 5 539 363 227 560 199 306 346 42 404 132 87 288 491 348 39 554 558 182 296 
exact_result:-8972385  是否排列1 ax=5400  bx=4  cx=-1793985  obj=-8972385
 ax上界求解时间：4.047000 上界花费时间：4.078000
 ax下界求解时间：3.641000 下界花费时间：3.672000 
bx上界求解时间：3.796000 上界花费时间：3.812000
 bx下界求解时间：3.672000 下界花费时间：3.703000 
模型总求解时间：144.754000  模型求解时间：127.644000 axbx上下届时间：16.610000 结果是否最优:y
***********
Minimum Execution Time:144.754000
Maximum Execution Time:144.754000
Average Execution Time:144.754000
best_sol:115 284 275 314 121 10 390 116 102 274 524 190 277 575 261 311 345 145 177 99 213 587 361 193 569 231 34 330 496 413 101 212 294 214 81 516 200 203 546 21 141 245 3 281 438 22 428 1 272 271 131 57 85 507 224 577 486 466 206 525 103 446 12 138 222 291 338 514 17 559 347 208 572 59 534 377 459 86 142 154 241 171 192 510 152 591 66 473 2 464 382 77 273 4 35 232 321 74 109 163 31 266 388 331 63 391 552 481 64 105 424 450 336 40 478 423 292 418 571 324 255 355 186 36 18 122 594 542 398 498 468 408 427 379 144 415 333 595 460 269 11 201 218 429 173 358 426 341 229 52 293 586 127 469 139 168 421 256 95 359 362 92 548 419 167 339 480 184 98 251 287 399 335 128 588 100 114 535 397 75 422 151 444 76 475 470 452 342 137 297 104 506 505 300 326 60 344 364 44 367 565 28 205 400 593 451 209 267 135 230 320 500 25 226 252 564 352 82 433 20 462 45 566 489 386 349 327 322 220 598 449 590 541 461 439 340 191 385 280 570 356 50 523 246 544 54 589 215 490 441 405 568 417 332 19 487 55 286 584 474 146 456 16 497 465 316 249 120 41 578 471 133 33 24 492 290 520 579 420 513 434 198 375 53 393 298 242 432 302 153 37 236 178 202 353 443 150 225 0 538 495 380 354 179 384 156 463 278 532 368 303 536 89 580 305 289 207 308 334 337 573 521 148 84 488 282 357 582 555 551 78 180 254 187 402 113 126 90 414 56 484 485 147 285 517 533 238 32 71 58 318 165 416 130 211 440 14 106 189 383 169 351 376 134 493 172 237 323 158 270 23 43 7 299 61 411 27 472 515 540 476 529 216 409 136 457 581 196 312 494 94 47 155 62 392 235 556 585 262 576 69 65 503 124 537 372 170 526 599 175 67 8 234 479 313 553 596 309 563 435 477 149 265 455 381 448 26 123 350 162 30 508 518 370 315 458 228 83 119 185 436 567 253 110 325 592 394 425 240 117 188 239 371 317 453 257 80 258 48 304 329 107 166 550 195 561 49 295 366 501 328 259 343 527 504 88 583 454 112 307 161 482 38 431 223 499 387 197 562 396 210 365 51 111 374 403 219 447 243 204 15 574 395 250 406 129 301 360 96 483 68 70 519 264 410 263 369 6 549 389 79 46 543 319 9 442 176 174 260 91 247 310 445 13 279 547 181 283 118 557 511 276 373 430 93 160 183 29 143 407 437 73 531 194 217 125 530 412 597 244 528 72 248 164 157 97 545 522 140 509 233 268 502 159 467 108 512 378 401 221 5 539 363 227 560 199 306 346 42 404 132 87 288 491 348 39 554 558 182 296 
exact_result:-8972409  是否排列1 ax=5397  bx=1  cx=-1777806  obj=-8972409
 ax上界求解时间：4.072000 上界花费时间：4.094000
 ax下界求解时间：3.671000 下界花费时间：3.694000 
bx上界求解时间：3.750000 上界花费时间：3.772000
 bx下界求解时间：3.988000 下界花费时间：4.013000 
模型总求解时间：190.691000  模型求解时间：172.997000 axbx上下届时间：16.925000 结果是否最优:y
***********
Minimum Execution Time:190.691000
Maximum Execution Time:190.691000
Average Execution Time:190.691000
