best_sol:34 726 101 259 455 908 80 137 155 453 347 966 877 988 762 462 694 258 254 963 511 262 204 475 76 690 950 135 967 867 543 389 394 629 776 919 810 247 571 120 946 951 830 689 777 565 437 138 227 503 528 653 49 35 871 442 621 835 675 255 597 769 635 127 423 663 119 498 735 822 814 190 611 103 732 230 304 895 216 627 224 496 758 92 945 618 601 429 652 202 991 170 661 515 540 465 329 681 314 327 874 970 825 737 849 446 634 593 422 542 928 57 579 253 111 489 56 934 143 665 561 432 313 272 519 79 858 516 813 139 974 983 583 783 123 903 997 529 617 669 334 108 937 60 846 641 154 89 562 836 591 221 51 717 548 416 685 269 214 482 110 757 450 27 492 841 861 166 705 205 458 920 986 854 693 171 642 580 654 513 64 891 333 234 990 659 890 21 399 747 65 799 274 646 888 984 395 297 559 348 495 358 461 609 409 256 392 545 751 339 91 724 844 291 479 570 596 588 918 738 448 982 768 790 99 612 855 145 436 842 789 12 876 87 271 296 344 83 568 239 614 403 4 427 551 576 807 32 750 755 181 826 196 397 767 328 586 322 549 0 524 316 774 785 863 678 20 284 939 406 898 766 744 759 534 96 884 973 742 315 6 522 603 167 644 490 486 219 350 185 229 371 14 384 425 736 122 851 488 840 15 240 497 3 45 387 674 972 801 875 905 252 741 94 197 380 544 370 212 587 829 987 211 433 102 105 441 743 521 509 266 26 476 944 286 48 823 250 74 869 126 72 129 510 198 128 541 910 66 287 373 493 415 75 731 264 82 702 71 857 606 953 872 838 881 706 478 140 172 668 679 686 909 5 324 210 610 355 773 169 901 31 931 954 961 923 720 892 806 749 796 341 332 584 589 525 11 552 337 438 491 620 238 46 148 962 245 975 469 760 53 860 199 338 147 410 971 598 848 73 740 408 405 308 526 964 330 817 320 560 248 244 976 795 856 270 93 832 573 993 537 647 794 290 662 922 236 278 879 658 582 787 703 788 850 532 554 628 904 218 311 728 775 298 162 902 550 365 900 539 484 780 418 713 98 657 763 157 530 283 86 933 44 802 912 960 116 746 463 793 454 748 878 10 451 175 590 818 680 289 249 696 930 391 782 325 821 439 989 276 151 882 381 613 481 374 637 886 894 563 852 267 28 280 292 862 306 538 388 965 9 440 457 189 318 880 420 459 502 431 911 153 816 709 393 125 18 764 353 192 340 412 925 302 246 745 578 223 622 936 765 978 921 385 500 95 430 414 343 345 208 376 575 786 398 670 701 168 949 553 109 636 853 444 282 191 310 97 577 85 228 600 557 293 77 672 711 141 615 473 924 309 947 546 360 265 319 645 243 722 691 494 134 752 402 926 883 88 173 595 152 206 932 33 281 719 54 859 698 915 474 791 916 792 164 183 682 574 756 602 625 683 194 708 413 426 640 67 812 277 100 572 428 815 771 260 980 885 692 305 261 592 608 1 700 301 179 24 753 335 421 555 158 41 2 150 501 607 354 55 84 113 209 959 363 159 718 938 233 485 177 739 824 237 633 535 449 312 707 520 616 104 811 868 195 364 948 379 730 704 187 419 985 723 188 673 112 772 697 649 632 19 464 121 725 809 279 366 275 547 40 660 906 176 899 407 655 165 648 163 477 222 331 146 456 193 42 527 396 505 443 800 124 995 761 819 831 712 994 268 161 845 998 81 285 232 839 979 468 714 942 992 604 805 38 144 303 843 174 778 558 626 317 619 307 460 369 323 200 514 400 656 178 943 847 729 131 106 349 16 664 968 136 225 357 321 467 213 217 567 288 78 958 368 864 956 566 118 445 452 798 25 715 873 43 981 638 375 383 241 754 294 447 68 142 351 257 727 149 8 506 808 273 47 69 117 362 13 803 182 186 390 63 837 386 36 650 897 631 37 804 887 483 299 828 359 999 952 352 996 401 215 242 870 180 688 523 779 940 231 480 160 866 23 676 472 7 263 361 770 220 417 599 504 797 470 201 466 424 29 336 569 721 695 896 865 957 536 58 666 499 671 130 531 114 411 564 784 115 977 62 207 889 833 251 377 941 435 893 378 834 917 382 643 955 90 342 300 61 935 107 518 17 326 623 605 624 581 295 512 710 517 132 372 684 699 434 687 820 70 651 356 346 556 507 907 929 508 927 203 226 487 50 533 585 913 39 184 827 639 156 630 367 404 471 733 716 914 22 235 734 52 677 667 969 781 59 594 30 133 
exact_result:-24971871  是否排列1 ax=9000  bx=1  cx=-4980871  obj=-24971871
 ax上界求解时间：14.079000 上界花费时间：14.141000
 ax下界求解时间：13.220000 下界花费时间：13.282000 
bx上界求解时间：14.813000 上界花费时间：14.891000
 bx下界求解时间：13.562000 下界花费时间：13.641000 
模型总求解时间：507.601000  模型求解时间：446.053000 axbx上下届时间：60.048000 结果是否最优:y
***********
Minimum Execution Time:507.601000
Maximum Execution Time:507.601000
Average Execution Time:507.601000
