best_sol:130 76 145 7 173 14 191 0 120 28 73 91 71 58 66 104 144 79 146 98 166 150 21 157 124 10 26 152 31 186 38 42 180 148 116 178 149 164 20 100 55 4 108 52 109 141 126 57 163 153 122 51 65 118 61 101 154 82 17 46 170 131 27 189 29 77 12 162 24 23 117 87 62 97 9 115 72 105 160 34 6 165 192 86 53 156 90 74 3 94 136 37 195 11 39 64 196 143 103 63 85 127 142 111 176 41 40 83 175 47 199 96 197 138 84 147 107 93 70 135 5 44 1 19 13 188 134 99 177 16 113 198 159 33 43 187 88 129 60 50 182 193 137 179 32 181 45 18 49 25 30 185 183 81 54 67 168 2 102 78 22 128 123 194 80 95 155 140 190 133 174 36 59 158 89 169 151 167 132 48 68 171 139 172 8 110 69 161 15 121 92 119 56 184 125 35 106 112 75 114 
exact_result:-1533369  是否排列1 ax=0  bx=1924  cx=-1533369  obj=-1533369
 ax上界求解时间：0.281000 上界花费时间：0.281000
 ax下界求解时间：0.297000 下界花费时间：0.297000 
bx上界求解时间：0.328000 上界花费时间：0.328000
 bx下界求解时间：0.321000 下界花费时间：0.329000 
模型总求解时间：22.343000  模型求解时间：20.860000 axbx上下届时间：1.421000 
***********
Minimum Execution Time:22.343000
Maximum Execution Time:22.343000
Average Execution Time:22.343000
best_sol:130 76 145 7 173 14 191 0 120 28 73 91 71 58 66 104 144 79 146 98 166 150 21 157 124 10 26 152 31 186 38 42 180 148 116 178 149 164 20 100 55 4 108 52 109 141 126 57 163 153 122 51 65 118 61 101 154 82 17 46 170 131 27 189 29 77 12 162 24 23 117 87 62 97 9 115 72 105 160 34 6 165 192 86 53 156 90 74 3 94 136 37 195 11 39 64 196 143 103 63 85 127 142 111 176 41 40 83 175 47 199 96 197 138 84 147 107 93 70 135 5 44 1 19 13 188 134 99 177 16 113 198 159 33 43 187 88 129 60 50 182 193 137 179 32 181 45 18 49 25 30 185 183 81 54 67 168 2 102 78 22 128 123 194 80 95 155 140 190 133 174 36 59 158 89 169 151 167 132 48 68 171 139 172 8 110 69 161 15 121 92 119 56 184 125 35 106 112 75 114 
exact_result:-1533369  是否排列1 ax=0  bx=1924  cx=-1533369  obj=-1533369
 ax上界求解时间：0.280000 上界花费时间：0.288000
 ax下界求解时间：0.288000 下界花费时间：0.295000 
bx上界求解时间：0.328000 上界花费时间：0.333000
 bx下界求解时间：0.311000 下界花费时间：0.319000 
模型总求解时间：21.937000  模型求解时间：20.458000 axbx上下届时间：1.412000 
***********
Minimum Execution Time:21.937000
Maximum Execution Time:21.937000
Average Execution Time:21.937000
best_sol:130 76 145 7 173 14 191 0 120 28 73 91 71 58 66 104 144 79 146 98 166 150 21 157 124 10 26 152 31 186 38 42 180 148 116 178 149 164 20 100 55 4 108 52 109 141 126 57 163 153 122 51 65 118 61 101 154 82 17 46 170 131 27 189 29 77 12 162 24 23 117 87 62 97 9 115 72 105 160 34 6 165 192 86 53 156 90 74 3 94 136 37 195 11 39 64 196 143 103 63 85 127 142 111 176 41 40 83 175 47 199 96 197 138 84 147 107 93 70 135 5 44 1 19 13 188 134 99 177 16 113 198 159 33 43 187 88 129 60 50 182 193 137 179 32 181 45 18 49 25 30 185 183 81 54 67 168 2 102 78 22 128 123 194 80 95 155 140 190 133 174 36 59 158 89 169 151 167 132 48 68 171 139 172 8 110 69 161 15 121 92 119 56 184 125 35 106 112 75 114 
exact_result:-1533369  是否排列1 ax=0  bx=1924  cx=-1533369  obj=-1533369
 ax上界求解时间：0.281000 上界花费时间：0.281000
 ax下界求解时间：0.296000 下界花费时间：0.312000 
bx上界求解时间：0.328000 上界花费时间：0.343000
 bx下界求解时间：0.336000 下界花费时间：0.336000 
模型总求解时间：22.195000  模型求解时间：20.687000 axbx上下届时间：1.445000 
***********
Minimum Execution Time:22.195000
Maximum Execution Time:22.195000
Average Execution Time:22.195000
best_sol:130 76 145 7 173 14 191 0 120 28 73 91 71 58 66 104 144 79 146 98 166 150 21 157 124 10 26 152 31 186 38 42 180 148 116 178 149 164 20 100 55 4 108 52 109 141 126 57 163 153 122 51 65 118 61 101 154 82 17 46 170 131 27 189 29 77 12 162 24 23 117 87 62 97 9 115 72 105 160 34 6 165 192 86 53 156 90 74 3 94 136 37 195 11 39 64 196 143 103 63 85 127 142 111 176 41 40 83 175 47 199 96 197 138 84 147 107 93 70 135 5 44 1 19 13 188 134 99 177 16 113 198 159 33 43 187 88 129 60 50 182 193 137 179 32 181 45 18 49 25 30 185 183 81 54 67 168 2 102 78 22 128 123 194 80 95 155 140 190 133 174 36 59 158 89 169 151 167 132 48 68 171 139 172 8 110 69 161 15 121 92 119 56 184 125 35 106 112 75 114 
exact_result:-2333369  是否排列1 ax=0  bx=1924  cx=-1533369  obj=-1533369
 ax上界求解时间：0.277000 上界花费时间：0.281000
 ax下界求解时间：0.264000 下界花费时间：0.268000 
bx上界求解时间：0.287000 上界花费时间：0.290000
 bx下界求解时间：0.314000 下界花费时间：0.320000 
模型总求解时间：22.473000  模型求解时间：21.123000 axbx上下届时间：1.295000 
***********
Minimum Execution Time:22.473000
Maximum Execution Time:22.473000
Average Execution Time:22.473000
best_sol:130 76 145 7 173 14 191 0 120 28 73 91 71 58 66 104 144 79 146 98 166 150 21 157 124 10 26 152 31 186 38 42 180 148 116 178 149 164 20 100 55 4 108 52 109 141 126 57 163 153 122 51 65 118 61 101 154 82 17 46 170 131 27 189 29 77 12 162 24 23 117 87 62 97 9 115 72 105 160 34 6 165 192 86 53 156 90 74 3 94 136 37 195 11 39 64 196 143 103 63 85 127 142 111 176 41 40 83 175 47 199 96 197 138 84 147 107 93 70 135 5 44 1 19 13 188 134 99 177 16 113 198 159 33 43 187 88 129 60 50 182 193 137 179 32 181 45 18 49 25 30 185 183 81 54 67 168 2 102 78 22 128 123 194 80 95 155 140 190 133 174 36 59 158 89 169 151 167 132 48 68 171 139 172 8 110 69 161 15 121 92 119 56 184 125 35 106 112 75 114 
exact_result:-2333369  是否排列1 ax=0  bx=1924  cx=-1533369  obj=-1533369
 ax上界求解时间：0.290000 上界花费时间：0.297000
 ax下界求解时间：0.293000 下界花费时间：0.301000 
bx上界求解时间：0.333000 上界花费时间：0.340000
 bx下界求解时间：0.338000 下界花费时间：0.346000 
模型总求解时间：22.075000  模型求解时间：20.536000 axbx上下届时间：1.473000 结果是否最优:y
***********
Minimum Execution Time:22.075000
Maximum Execution Time:22.075000
Average Execution Time:22.075000
best_sol:130 76 145 7 173 14 191 0 120 28 73 91 71 58 66 104 144 79 146 98 166 150 21 157 124 10 26 152 31 186 38 42 180 148 116 178 149 164 20 100 55 4 108 52 109 141 126 57 163 153 122 51 65 118 61 101 154 82 17 46 170 131 27 189 29 77 12 162 24 23 117 87 62 97 9 115 72 105 160 34 6 165 192 86 53 156 90 74 3 94 136 37 195 11 39 64 196 143 103 63 85 127 142 111 176 41 40 83 175 47 199 96 197 138 84 147 107 93 70 135 5 44 1 19 13 188 134 99 177 16 113 198 159 33 43 187 88 129 60 50 182 193 137 179 32 181 45 18 49 25 30 185 183 81 54 67 168 2 102 78 22 128 123 194 80 95 155 140 190 133 174 36 59 158 89 169 151 167 132 48 68 171 139 172 8 110 69 161 15 121 92 119 56 184 125 35 106 112 75 114 
exact_result:-733369  是否排列1 ax=-800  bx=924  cx=5831  obj=-733369
 ax上界求解时间：0.299000 上界花费时间：0.307000
 ax下界求解时间：0.294000 下界花费时间：0.302000 
bx上界求解时间：0.321000 上界花费时间：0.329000
 bx下界求解时间：0.328000 下界花费时间：0.336000 
模型总求解时间：26.241000  模型求解时间：24.709000 axbx上下届时间：1.464000 
***********
Minimum Execution Time:26.241000
Maximum Execution Time:26.241000
Average Execution Time:26.241000
best_sol:130 76 145 7 173 14 191 0 120 28 73 91 71 58 66 104 144 79 146 98 166 150 21 157 124 10 26 152 31 186 38 42 180 148 116 178 149 164 20 100 55 4 108 52 109 141 126 57 163 153 122 51 65 118 61 101 154 82 17 46 170 131 27 189 29 77 12 162 24 23 117 87 62 97 9 115 72 105 160 34 6 165 192 86 53 156 90 74 3 94 136 37 195 11 39 64 196 143 103 63 85 127 142 111 176 41 40 83 175 47 199 96 197 138 84 147 107 93 70 135 5 44 1 19 13 188 134 99 177 16 113 198 159 33 43 187 88 129 60 50 182 193 137 179 32 181 45 18 49 25 30 185 183 81 54 67 168 2 102 78 22 128 123 194 80 95 155 140 190 133 174 36 59 158 89 169 151 167 132 48 68 171 139 172 8 110 69 161 15 121 92 119 56 184 125 35 106 112 75 114 
exact_result:-733369  是否排列1 ax=-800  bx=924  cx=5831  obj=-733369
 ax上界求解时间：0.305000 上界花费时间：0.313000
 ax下界求解时间：0.309000 下界花费时间：0.316000 
bx上界求解时间：0.368000 上界花费时间：0.375000
 bx下界求解时间：0.362000 下界花费时间：0.369000 
模型总求解时间：25.926000  模型求解时间：24.301000 axbx上下届时间：1.559000 
***********
Minimum Execution Time:25.926000
Maximum Execution Time:25.926000
Average Execution Time:25.926000
best_sol:91 32 119 59 199 109 177 25 179 13 105 49 101 94 8 6 191 121 0 141 156 159 54 48 171 31 53 173 194 15 22 184 79 187 174 169 160 82 66 60 30 151 36 55 147 84 163 157 52 89 4 67 46 16 34 78 86 176 192 73 161 190 71 104 61 158 35 64 120 62 44 114 81 117 168 130 39 146 5 165 26 43 29 93 92 122 1 170 113 98 18 72 20 131 77 150 9 103 115 107 154 3 183 185 88 136 155 10 63 99 47 178 42 196 193 65 102 106 7 85 164 129 19 133 17 166 143 90 132 148 162 68 198 87 153 135 69 123 23 124 33 125 27 97 126 40 152 24 14 70 28 140 189 172 110 116 137 145 45 12 75 188 11 100 175 128 182 51 95 127 57 83 195 186 80 50 58 149 76 2 180 74 197 181 167 112 111 21 56 142 37 144 118 139 108 96 38 41 134 138 
exact_result:-922417  是否排列1 ax=964  bx=-963  cx=5915  obj=-922417
 ax上界求解时间：0.311000 上界花费时间：0.319000
 ax下界求解时间：0.305000 下界花费时间：0.312000 
bx上界求解时间：0.369000 上界花费时间：0.376000
 bx下界求解时间：0.345000 下界花费时间：0.355000 
模型总求解时间：18.782000  模型求解时间：17.161000 axbx上下届时间：1.556000 
***********
Minimum Execution Time:18.782000
Maximum Execution Time:18.782000
Average Execution Time:18.782000
best_sol:91 32 119 59 199 109 177 25 179 13 105 49 101 94 8 6 191 121 0 141 156 159 54 48 171 31 53 173 194 15 22 184 79 187 174 169 160 82 66 60 30 151 36 55 147 84 163 157 52 89 4 67 46 16 34 78 86 176 192 73 161 190 71 104 61 158 35 64 120 62 44 114 81 117 168 130 39 146 5 165 26 43 29 93 92 122 1 170 113 98 18 72 20 131 77 150 9 103 115 107 154 3 183 185 88 136 155 10 63 99 47 178 42 196 193 65 102 106 7 85 164 129 19 133 17 166 143 90 132 148 162 68 198 87 153 135 69 123 23 124 33 125 27 97 126 40 152 24 14 70 28 140 189 172 110 116 137 145 45 12 75 188 11 100 175 128 182 51 95 127 57 83 195 186 80 50 58 149 76 2 180 74 197 181 167 112 111 21 56 142 37 144 118 139 108 96 38 41 134 138 
exact_result:-922417  是否排列1 ax=964  bx=-963  cx=5915  obj=-922417
 ax上界求解时间：0.284000 上界花费时间：0.289000
 ax下界求解时间：0.273000 下界花费时间：0.277000 
bx上界求解时间：0.282000 上界花费时间：0.286000
 bx下界求解时间：0.310000 下界花费时间：0.315000 
模型总求解时间：17.855000  模型求解时间：16.501000 axbx上下届时间：1.302000 
***********
Minimum Execution Time:17.855000
Maximum Execution Time:17.855000
Average Execution Time:17.855000
best_sol:91 32 119 59 199 109 177 25 179 13 105 49 101 94 8 6 191 121 0 141 156 159 54 48 171 31 53 173 97 15 22 184 79 187 174 169 160 194 66 60 30 151 99 55 147 84 163 157 52 89 4 67 46 16 34 78 86 176 192 73 161 190 77 104 61 158 35 64 120 193 44 114 81 117 168 130 39 146 5 165 26 43 29 93 92 122 1 170 113 98 135 72 20 131 82 150 36 103 9 107 154 3 183 185 88 136 155 10 63 71 47 178 42 196 50 65 102 106 7 85 164 129 19 133 17 166 143 90 132 148 162 68 198 87 153 115 69 123 23 124 33 125 27 62 126 40 152 24 14 70 28 140 189 172 110 116 137 145 45 12 75 188 11 100 175 128 182 51 95 127 57 83 195 186 80 18 58 149 76 2 180 74 197 181 167 112 111 21 56 142 37 144 118 139 108 96 38 41 134 138 
exact_result:-922406  是否排列1 ax=960  bx=-967  cx=5914  obj=-922406
 ax上界求解时间：0.298000 上界花费时间：0.305000
 ax下界求解时间：0.306000 下界花费时间：0.313000 
bx上界求解时间：0.347000 上界花费时间：0.355000
 bx下界求解时间：0.315000 下界花费时间：0.323000 
模型总求解时间：18.968000  模型求解时间：17.425000 axbx上下届时间：1.478000 
***********
Minimum Execution Time:18.968000
Maximum Execution Time:18.968000
Average Execution Time:18.968000
best_sol:91 32 119 59 199 109 177 25 179 13 105 49 101 94 8 6 191 121 0 141 156 159 54 48 171 31 53 173 97 15 22 184 79 187 174 169 160 194 66 60 30 151 142 55 147 84 163 157 52 89 4 67 46 16 34 78 86 176 192 73 161 190 71 104 61 158 35 64 120 193 44 114 81 117 168 130 39 146 5 165 26 43 29 93 92 122 1 170 113 98 135 72 20 131 77 150 36 103 9 107 154 3 183 185 88 136 155 10 63 99 47 178 42 196 50 65 102 106 7 85 164 129 19 133 17 166 143 90 132 148 162 68 198 87 153 115 69 123 23 124 33 125 27 62 126 40 152 24 14 70 28 140 189 172 110 116 137 145 45 12 75 188 11 100 175 128 182 51 95 127 57 83 195 186 80 18 58 149 76 2 180 74 197 181 167 112 111 21 56 82 37 144 118 139 108 96 38 41 134 138 
exact_result:-922424  是否排列1 ax=961  bx=-966  cx=5902  obj=-922424
 ax上界求解时间：0.301000 上界花费时间：0.308000
 ax下界求解时间：0.297000 下界花费时间：0.304000 
bx上界求解时间：0.353000 上界花费时间：0.361000
 bx下界求解时间：0.343000 下界花费时间：0.352000 
模型总求解时间：33.361000  模型求解时间：31.791000 axbx上下届时间：1.506000 
***********
Minimum Execution Time:33.361000
Maximum Execution Time:33.361000
Average Execution Time:33.361000
best_sol:91 32 119 59 199 109 177 25 179 13 105 49 101 94 8 168 191 121 0 141 156 159 54 48 171 31 53 173 194 15 22 184 79 187 174 169 160 82 66 60 30 151 36 55 147 84 163 157 52 89 4 67 46 16 34 78 86 176 192 73 161 190 77 104 61 158 35 64 120 62 44 114 81 117 63 130 39 146 5 165 26 43 29 93 92 122 1 170 113 98 18 72 20 131 99 150 9 103 115 107 154 3 183 185 88 136 155 10 6 71 47 178 42 196 193 65 102 106 7 85 164 129 19 133 17 166 143 90 132 148 162 68 198 87 153 135 69 123 23 124 33 125 27 97 126 40 152 24 14 70 28 140 189 172 110 116 137 145 45 12 75 188 11 100 175 128 182 51 95 127 57 83 195 186 80 50 58 149 76 2 180 74 197 181 167 112 111 21 56 142 37 144 118 139 108 96 38 41 134 138 
exact_result:-2522393  是否排列1 ax=1764  bx=37  cx=-1787661  obj=-1722393
 ax上界求解时间：0.289000 上界花费时间：0.297000
 ax下界求解时间：0.306000 下界花费时间：0.313000 
bx上界求解时间：0.361000 上界花费时间：0.368000
 bx下界求解时间：0.337000 下界花费时间：0.346000 
模型总求解时间：10.736000  模型求解时间：9.156000 axbx上下届时间：1.516000 结果是否最优:y
***********
Minimum Execution Time:10.736000
Maximum Execution Time:10.736000
Average Execution Time:10.736000
best_sol:91 32 119 59 199 109 177 25 179 13 105 49 101 94 8 168 191 121 0 141 156 159 54 48 171 31 53 173 97 15 22 184 79 187 174 169 160 194 66 60 30 151 99 55 147 84 163 157 52 89 4 67 46 16 34 78 86 176 192 73 161 190 77 104 61 158 35 64 120 193 44 114 81 117 63 130 39 146 5 165 26 43 29 93 92 122 1 170 113 98 135 72 20 131 82 150 36 103 9 107 154 3 183 185 88 136 155 10 6 71 47 178 42 196 50 65 102 106 7 85 164 129 19 133 17 166 143 90 132 148 162 68 198 87 153 115 69 123 23 124 33 125 27 62 126 40 152 24 14 70 28 140 189 172 110 116 137 145 45 12 75 188 11 100 175 128 182 51 95 127 57 83 195 186 80 18 58 149 76 2 180 74 197 181 167 112 111 21 56 142 37 144 118 139 108 96 38 41 134 138 
exact_result:-2522384  是否排列1 ax=1759  bx=32  cx=-1778672  obj=-1722384
 ax上界求解时间：0.287000 上界花费时间：0.294000
 ax下界求解时间：0.296000 下界花费时间：0.303000 
bx上界求解时间：0.331000 上界花费时间：0.338000
 bx下界求解时间：0.326000 下界花费时间：0.334000 
模型总求解时间：5.690000  模型求解时间：4.171000 axbx上下届时间：1.453000 结果是否最优:y
***********
Minimum Execution Time:5.690000
Maximum Execution Time:5.690000
Average Execution Time:5.690000
best_sol:91 32 119 59 199 109 177 25 179 13 105 49 101 94 8 168 191 121 0 141 156 159 54 48 171 31 53 173 194 15 22 184 79 187 174 169 160 82 66 60 30 151 36 55 147 84 163 157 52 89 4 67 46 16 34 78 86 176 192 73 161 190 77 104 61 158 35 64 120 62 44 114 81 117 63 130 39 146 5 165 26 43 29 93 92 122 1 170 113 98 18 72 20 131 99 150 9 103 115 107 154 3 183 185 88 136 155 10 6 71 47 178 42 196 193 65 102 106 7 85 164 129 19 133 17 166 143 90 132 148 162 68 198 87 153 135 69 123 23 124 33 125 27 97 126 40 152 24 14 70 28 140 189 172 110 116 137 145 45 12 75 188 11 100 175 128 182 51 95 127 57 83 195 186 80 50 58 149 76 2 180 74 197 181 167 112 111 21 56 142 37 144 118 139 108 96 38 41 134 138 
exact_result:-2522393  是否排列1 ax=1764  bx=37  cx=-1787661  obj=-1722393
 ax上界求解时间：0.290000 上界花费时间：0.298000
 ax下界求解时间：0.306000 下界花费时间：0.313000 
bx上界求解时间：0.332000 上界花费时间：0.339000
 bx下界求解时间：0.332000 下界花费时间：0.340000 
模型总求解时间：10.633000  模型求解时间：9.089000 axbx上下届时间：1.478000 结果是否最优:y
***********
Minimum Execution Time:10.633000
Maximum Execution Time:10.633000
Average Execution Time:10.633000
best_sol:91 32 119 59 199 109 177 25 179 13 105 49 101 94 8 6 191 121 0 141 156 159 54 48 171 31 53 173 97 15 22 184 79 187 174 169 160 194 66 60 30 151 142 55 147 84 163 157 52 89 4 67 46 16 34 78 86 176 192 73 161 190 77 104 61 158 35 64 120 193 44 114 81 117 168 130 39 146 5 165 26 43 29 93 92 122 1 170 113 98 135 72 20 131 71 150 36 103 9 107 154 3 183 185 88 136 155 10 63 99 47 178 42 196 50 65 102 106 7 85 164 129 19 133 17 166 143 90 132 148 162 68 198 87 153 115 69 123 23 124 33 125 27 62 126 40 152 24 14 70 28 140 189 172 110 116 137 145 45 12 75 188 11 100 175 128 182 51 95 127 57 83 195 186 80 18 58 149 76 2 180 74 197 181 167 112 111 21 56 82 37 144 118 139 108 96 38 41 134 138 
exact_result:-2522412  是否排列1 ax=1763  bx=36  cx=-1785880  obj=-1722412
 ax上界求解时间：0.286000 上界花费时间：0.293000
 ax下界求解时间：0.296000 下界花费时间：0.304000 
bx上界求解时间：0.336000 上界花费时间：0.343000
 bx下界求解时间：0.326000 下界花费时间：0.334000 
模型总求解时间：11.045000  模型求解时间：9.523000 axbx上下届时间：1.457000 结果是否最优:y
***********
Minimum Execution Time:11.045000
Maximum Execution Time:11.045000
Average Execution Time:11.045000
best_sol:91 32 119 59 199 109 177 25 179 13 105 49 101 94 8 168 191 121 0 141 156 159 54 48 171 31 53 173 194 15 22 184 79 187 174 169 160 82 66 60 30 151 36 55 147 84 163 157 52 89 4 67 46 16 34 78 86 176 192 73 161 190 77 104 61 158 35 64 120 62 44 114 81 117 63 130 39 146 5 165 26 43 29 93 92 122 1 170 113 98 18 72 20 131 99 150 9 103 115 107 154 3 183 185 88 136 155 10 6 71 47 178 42 196 193 65 102 106 7 85 164 129 19 133 17 166 143 90 132 148 162 68 198 87 153 135 69 123 23 124 33 125 27 97 126 40 152 24 14 70 28 140 189 172 110 116 137 145 45 12 75 188 11 100 175 128 182 51 95 127 57 83 195 186 80 50 58 149 76 2 180 74 197 181 167 112 111 21 56 142 37 144 118 139 108 96 38 41 134 138 
exact_result:-2522393  是否排列1 ax=1764  bx=37  cx=-1787661  obj=-1722393
 ax上界求解时间：0.286000 上界花费时间：0.293000
 ax下界求解时间：0.299000 下界花费时间：0.306000 
bx上界求解时间：0.337000 上界花费时间：0.344000
 bx下界求解时间：0.319000 下界花费时间：0.328000 
模型总求解时间：10.717000  模型求解时间：9.191000 axbx上下届时间：1.458000 结果是否最优:y
***********
Minimum Execution Time:10.717000
Maximum Execution Time:10.717000
Average Execution Time:10.717000
best_sol:91 32 119 59 199 109 177 25 179 13 105 49 101 94 8 6 191 121 0 141 156 159 54 48 171 31 53 173 97 15 22 184 79 187 174 169 160 194 66 60 30 151 142 55 147 84 163 157 52 89 4 67 46 16 34 78 86 176 192 73 161 190 71 104 61 158 35 64 120 193 44 114 81 117 168 130 39 146 5 165 26 43 29 93 92 122 1 170 113 98 135 72 20 131 77 150 36 103 9 107 154 3 183 185 88 136 155 10 63 99 47 178 42 196 50 65 102 106 7 85 164 129 19 133 17 166 143 90 132 148 162 68 198 87 153 115 69 123 23 124 33 125 27 62 126 40 152 24 14 70 28 140 189 172 110 116 137 145 45 12 75 188 11 100 175 128 182 51 95 127 57 83 195 186 80 18 58 149 76 2 180 74 197 181 167 112 111 21 56 82 37 144 118 139 108 96 38 41 134 138 
exact_result:-922424  是否排列1 ax=1761  bx=34  cx=-182298  obj=-122424
 ax上界求解时间：0.291000 上界花费时间：0.298000
 ax下界求解时间：0.292000 下界花费时间：0.298000 
bx上界求解时间：0.334000 上界花费时间：0.341000
 bx下界求解时间：0.327000 下界花费时间：0.333000 
模型总求解时间：21.617000  模型求解时间：20.089000 axbx上下届时间：1.463000 结果是否最优:y
***********
Minimum Execution Time:21.617000
Maximum Execution Time:21.617000
Average Execution Time:21.617000
best_sol:130 76 145 7 173 14 191 0 120 28 73 91 71 58 66 104 144 79 146 98 166 150 21 157 124 10 26 152 31 186 38 42 180 148 116 178 149 164 20 100 55 4 108 52 109 141 126 57 163 153 122 51 65 118 61 101 154 82 17 46 170 131 27 189 29 77 12 162 24 23 117 87 62 97 9 115 72 105 160 34 6 165 192 86 53 156 90 74 3 94 136 37 195 11 39 64 196 143 103 63 85 127 142 111 176 41 40 83 175 47 199 96 197 138 84 147 107 93 70 135 5 44 1 19 13 188 134 99 177 16 113 198 159 33 43 187 88 129 60 50 182 193 137 179 32 181 45 18 49 25 30 185 183 81 54 67 168 2 102 78 22 128 123 194 80 95 155 140 190 133 174 36 59 158 89 169 151 167 132 48 68 171 139 172 8 110 69 161 15 121 92 119 56 184 125 35 106 112 75 114 
exact_result:-733369  是否排列1 ax=-800  bx=924  cx=5831  obj=-733369
 ax上界求解时间：0.272000 上界花费时间：0.277000
 ax下界求解时间：0.268000 下界花费时间：0.273000 
bx上界求解时间：0.275000 上界花费时间：0.279000
 bx下界求解时间：0.307000 下界花费时间：0.312000 
模型总求解时间：25.389000  模型求解时间：24.059000 axbx上下届时间：1.278000 
***********
Minimum Execution Time:25.389000
Maximum Execution Time:25.389000
Average Execution Time:25.389000
best_sol:91 32 119 59 199 109 177 25 179 13 105 49 101 94 8 6 191 121 0 141 156 159 54 48 171 31 53 173 194 15 22 184 79 187 174 169 160 82 66 60 30 151 36 55 147 84 163 157 52 89 4 67 46 16 34 78 86 176 192 73 161 190 71 104 61 158 35 64 120 62 44 114 81 117 168 130 39 146 5 165 26 43 29 93 92 122 1 170 113 98 18 72 20 131 77 150 9 103 115 107 154 3 183 185 88 136 155 10 63 99 47 178 42 196 193 65 102 106 7 85 164 129 19 133 17 166 143 90 132 148 162 68 198 87 153 135 69 123 23 124 33 125 27 97 126 40 152 24 14 70 28 140 189 172 110 116 137 145 45 12 75 188 11 100 175 128 182 51 95 127 57 83 195 186 80 50 58 149 76 2 180 74 197 181 167 112 111 21 56 142 37 144 118 139 108 96 38 41 134 138 
exact_result:-922417  是否排列1 ax=964  bx=-963  cx=5915  obj=-922417
 ax上界求解时间：0.307000 上界花费时间：0.314000
 ax下界求解时间：0.299000 下界花费时间：0.306000 
bx上界求解时间：0.344000 上界花费时间：0.353000
 bx下界求解时间：0.333000 下界花费时间：0.341000 
模型总求解时间：18.376000  模型求解时间：16.816000 axbx上下届时间：1.495000 
***********
Minimum Execution Time:18.376000
Maximum Execution Time:18.376000
Average Execution Time:18.376000
best_sol:91 32 119 59 199 109 177 25 179 13 105 49 101 94 8 6 191 121 0 141 156 159 54 48 171 31 53 173 97 15 22 184 79 187 174 169 160 194 66 60 30 151 142 55 147 84 163 157 52 89 4 67 46 16 34 78 86 176 192 73 161 190 71 104 61 158 35 64 120 193 44 114 81 117 168 130 39 146 5 165 26 43 29 93 92 122 1 170 113 98 135 72 20 131 77 150 36 103 9 107 154 3 183 185 88 136 155 10 63 99 47 178 42 196 50 65 102 106 7 85 164 129 19 133 17 166 143 90 132 148 162 68 198 87 153 115 69 123 23 124 33 125 27 62 126 40 152 24 14 70 28 140 189 172 110 116 137 145 45 12 75 188 11 100 175 128 182 51 95 127 57 83 195 186 80 18 58 149 76 2 180 74 197 181 167 112 111 21 56 82 37 144 118 139 108 96 38 41 134 138 
exact_result:-922424  是否排列1 ax=961  bx=-966  cx=5902  obj=-922424
 ax上界求解时间：0.297000 上界花费时间：0.306000
 ax下界求解时间：0.305000 下界花费时间：0.312000 
bx上界求解时间：0.347000 上界花费时间：0.353000
 bx下界求解时间：0.343000 下界花费时间：0.351000 
模型总求解时间：33.392000  模型求解时间：31.816000 axbx上下届时间：1.511000 
***********
Minimum Execution Time:33.392000
Maximum Execution Time:33.392000
Average Execution Time:33.392000
best_sol:91 32 119 59 199 109 177 25 179 13 105 49 101 94 8 6 191 121 0 141 156 159 54 48 171 31 53 173 97 15 22 184 79 187 174 169 160 194 66 60 30 151 142 55 147 84 163 157 52 89 4 67 46 16 34 78 86 176 192 73 161 190 71 104 61 158 35 64 120 193 44 114 81 117 168 130 39 146 5 165 26 43 29 93 92 122 1 170 113 98 135 72 20 131 77 150 36 103 9 107 154 3 183 185 88 136 155 10 63 99 47 178 42 196 50 65 102 106 7 85 164 129 19 133 17 166 143 90 132 148 162 68 198 87 153 115 69 123 23 124 33 125 27 62 126 40 152 24 14 70 28 140 189 172 110 116 137 145 45 12 75 188 11 100 175 128 182 51 95 127 57 83 195 186 80 18 58 149 76 2 180 74 197 181 167 112 111 21 56 82 37 144 118 139 108 96 38 41 134 138 
exact_result:-922424  是否排列1 ax=1761  bx=34  cx=-182298  obj=-922424
 ax上界求解时间：0.281000 上界花费时间：0.281000
 ax下界求解时间：0.297000 下界花费时间：0.297000 
bx上界求解时间：0.328000 上界花费时间：0.328000
 bx下界求解时间：0.328000 下界花费时间：0.328000 
模型总求解时间：19.689000  模型求解时间：18.203000 axbx上下届时间：1.423000 结果是否最优:y
***********
Minimum Execution Time:19.689000
Maximum Execution Time:19.689000
Average Execution Time:19.689000
