best_sol:163 44 74 140 79 86 188 5 28 106 31 22 179 61 103 130 171 166 161 32 96 199 116 20 107 34 17 95 164 185 90 56 165 71 92 160 194 10 110 14 62 78 45 123 119 13 66 29 113 102 33 54 64 21 80 99 193 141 149 83 87 157 65 72 181 91 121 24 126 57 147 183 117 88 12 76 144 19 2 3 101 11 142 154 143 25 170 192 39 151 94 134 191 81 27 177 190 133 68 18 146 49 174 0 189 127 135 59 182 112 139 69 53 175 37 98 67 167 196 155 136 114 47 55 89 60 108 159 93 36 6 197 187 158 198 178 168 63 50 41 137 77 173 46 23 152 26 111 186 120 132 35 43 100 15 125 115 48 148 75 153 128 9 145 118 104 16 82 131 1 184 172 73 150 97 138 51 124 58 84 180 30 70 7 42 156 105 122 195 169 4 109 176 52 38 129 162 8 40 85 
exact_result:40160261 exactresult2:40160261.000000 是否排列1 ax=2298  bx=17455  cx=48671  obj=40160261
 ax上界求解时间：0.000000 上界花费时间：0.000000
 ax下界求解时间：0.000000 下界花费时间：0.000000 
bx上界求解时间：0.367000 上界花费时间：0.374000
 bx下界求解时间：0.492000 下界花费时间：0.500000 
模型总求解时间：3612.672000  模型求解时间：3611.013000 axbx上下届时间：0.964000 结果是否最优:ny
***********
Minimum Execution Time:3612.672000
Maximum Execution Time:3612.672000
Average Execution Time:3612.672000
