best_sol:387 904 1079 1034 56 1074 1132 1059 602 1015 1000 1029 158 570 244 51 4 43 110 735 337 1196 1083 1041 119 349 927 755 1186 711 172 390 39 234 52 1043 860 918 1104 343 154 516 291 1093 1058 552 353 363 689 976 574 482 829 501 606 281 1053 1137 997 880 567 384 70 772 994 1168 476 283 490 871 995 827 1105 710 517 692 677 1025 155 657 80 652 146 402 944 925 372 383 151 129 1178 1129 312 999 360 843 1014 948 50 632 868 37 1024 209 0 979 57 261 1157 1110 942 1019 320 1109 272 842 966 103 194 253 74 17 1158 108 540 181 498 832 937 385 1190 1116 78 502 99 18 1095 1169 1193 861 230 358 873 524 319 405 724 232 814 94 243 133 763 769 150 707 741 326 987 844 952 903 1008 736 221 824 97 1063 1055 609 175 949 121 674 6 527 398 599 31 401 653 23 473 508 990 32 188 311 14 866 973 984 464 1085 1018 295 89 1049 680 174 159 457 1073 1149 102 698 1111 722 513 265 49 395 116 96 142 1057 582 388 489 13 793 644 461 1125 106 258 91 546 92 849 329 500 874 1090 323 120 649 630 616 1044 127 754 369 761 891 1127 58 7 34 553 1115 642 1036 712 19 627 1164 86 494 503 821 756 803 322 475 5 93 456 577 84 298 597 306 935 662 30 1088 624 1030 169 268 598 614 1098 1184 229 746 290 1047 205 105 1038 28 970 144 225 850 996 715 173 10 765 1174 1136 541 838 126 936 167 1050 1035 1089 884 164 665 200 208 687 9 193 798 1101 826 877 529 440 738 186 21 535 38 983 274 723 676 396 679 152 618 201 374 148 236 480 864 786 408 853 352 928 848 953 33 747 469 411 955 876 968 333 947 160 1113 1162 622 1017 921 525 663 980 802 386 943 1197 640 42 263 812 204 233 789 1077 16 804 923 262 237 893 1187 576 255 1181 671 1065 611 44 785 858 1094 972 192 1056 424 124 708 357 46 737 447 1161 294 857 969 143 1009 946 548 909 1040 592 183 531 661 550 176 59 703 350 1156 149 439 911 619 351 474 580 1087 924 433 1171 426 809 104 1002 493 138 118 452 922 2 1188 523 389 507 659 364 250 1091 1060 305 222 468 1148 24 845 542 1135 1067 67 764 521 808 573 658 900 1118 660 1130 989 368 694 486 745 633 1166 862 87 328 651 988 315 20 66 95 307 60 528 8 297 69 135 743 446 641 1126 247 509 98 686 721 35 835 1172 259 264 905 890 766 477 1134 817 560 449 1119 725 732 887 869 515 171 568 76 796 934 702 45 820 71 851 187 487 656 296 914 959 25 957 85 218 203 335 1020 210 131 1037 157 1185 403 1 82 366 1102 506 195 458 1155 623 670 635 309 668 1013 163 920 974 586 727 945 407 1003 166 377 134 958 1131 805 717 929 595 300 666 441 373 180 1124 314 896 393 332 256 607 705 177 301 822 572 65 1199 1076 522 196 1005 206 557 1179 55 1160 1027 1140 36 1195 831 242 207 12 1128 773 964 1071 1142 451 197 170 380 879 427 1062 217 504 941 317 113 859 837 718 863 648 558 544 77 865 1180 198 538 870 435 282 288 111 178 1099 810 1028 354 22 1145 916 62 556 355 279 584 906 379 931 293 478 72 664 933 714 840 1151 375 442 431 1112 226 673 639 219 185 856 1026 1154 940 901 334 275 246 626 728 254 1122 327 731 815 795 90 81 777 645 41 1183 750 61 881 348 917 356 422 136 130 485 491 270 1182 161 122 892 345 310 559 292 833 1069 594 950 1108 908 898 1165 543 339 413 367 417 587 3 227 376 1198 434 899 532 593 878 742 847 257 915 565 1021 443 1152 404 184 1033 1175 526 1141 330 471 902 709 325 240 29 249 588 251 1114 414 774 591 114 823 729 462 303 854 1082 971 855 596 511 744 939 101 1080 1054 885 726 836 625 771 394 762 650 239 713 359 299 585 889 1107 252 400 392 719 569 26 63 704 495 590 954 965 1070 1051 1121 191 720 981 620 555 308 782 123 608 27 647 278 269 788 267 470 1039 690 975 1139 344 1192 757 691 512 54 634 888 601 481 391 617 190 212 302 362 794 799 688 445 416 199 1120 420 571 1133 223 1032 444 991 734 776 179 519 926 751 913 412 1189 1106 235 912 807 779 963 117 286 967 313 438 189 79 115 499 533 460 68 514 285 792 418 100 1022 378 202 787 107 479 1153 753 277 654 128 589 758 1194 554 819 1042 465 655 733 910 492 1096 631 1167 1191 341 381 321 1170 760 162 846 83 993 932 450 696 867 428 610 682 636 830 768 1004 1023 907 530 894 1048 566 211 672 273 770 1066 484 365 852 466 883 775 505 1144 1078 895 271 276 539 681 551 454 488 841 759 564 346 790 534 1138 147 549 156 437 1143 875 75 1031 1010 897 125 578 231 684 930 563 382 1072 432 1046 806 455 791 11 467 1086 961 340 137 1045 575 1001 545 621 951 978 145 811 767 752 816 429 1011 962 643 284 583 1061 266 496 813 40 956 448 547 1006 536 483 882 287 1159 371 53 220 675 214 960 1103 1177 800 228 872 992 1117 828 520 1084 409 64 697 581 615 562 370 497 436 818 141 628 985 153 603 510 1092 397 47 73 740 1007 419 638 453 318 1016 977 342 88 749 1163 1150 613 336 605 112 410 260 1176 561 1123 463 1097 139 430 316 331 215 579 783 165 459 600 168 1068 338 289 361 1081 132 472 938 213 1012 48 685 1147 1064 667 216 415 739 919 425 706 683 423 1100 780 716 748 241 324 347 280 629 406 982 797 839 537 695 825 693 637 604 245 998 778 801 730 669 1173 1075 678 612 834 421 518 1052 646 399 109 15 986 304 248 886 1146 784 238 701 224 182 140 700 699 781 
exact_result:1534946499 exactresult2:1534946499.000000 是否排列1 ax=14671  bx=104608  cx=242531  obj=1534946499
 ax上界求解时间：0.000000 上界花费时间：0.000000
 ax下界求解时间：0.000000 下界花费时间：0.000000 
bx上界求解时间：28.904000 上界花费时间：28.998000
 bx下界求解时间：30.941000 下界花费时间：31.066000 
模型总求解时间：3667.411000  模型求解时间：3601.051000 axbx上下届时间：63.266000 结果是否最优:ny
***********
Minimum Execution Time:3667.411000
Maximum Execution Time:3667.411000
Average Execution Time:3667.411000
