best_sol:11 42 46 39 34 68 10 94 91 47 73 81 31 88 65 50 64 3 57 61 90 17 4 79 7 83 20 80 53 48 37 70 60 56 21 26 19 78 35 92 97 9 13 29 74 96 32 1 22 77 25 12 16 2 98 85 24 0 15 27 95 55 59 45 23 69 82 93 28 89 40 99 38 44 6 5 71 43 51 49 52 54 86 30 18 72 33 84 87 8 63 14 41 62 58 36 67 75 76 66 
exact_result:0  ax上界求解时间：0.107000 上界花费时间：0.110000
 ax下界求解时间：0.102000 下界花费时间：0.106000 
bx上界求解时间：0.106000 上界花费时间：0.110000
 bx下界求解时间：0.110000 下界花费时间：0.115000 
模型总求解时间：0.637000  模型求解时间：0.123000 axbx上下届时间：0.497000 
***********
best_sol:11 42 46 39 34 68 10 94 91 47 73 81 31 88 65 50 64 3 57 61 90 17 4 79 7 83 20 80 53 48 37 70 60 56 21 26 19 78 35 92 97 9 13 29 74 96 32 1 22 77 25 12 16 2 98 85 24 0 15 27 95 55 59 45 23 69 82 93 28 89 40 99 38 44 6 5 71 43 51 49 52 54 86 30 18 72 33 84 87 8 63 14 41 62 58 36 67 75 76 66 
exact_result:0  ax上界求解时间：0.091000 上界花费时间：0.094000
 ax下界求解时间：0.085000 下界花费时间：0.089000 
bx上界求解时间：0.089000 上界花费时间：0.093000
 bx下界求解时间：0.097000 下界花费时间：0.101000 
模型总求解时间：0.559000  模型求解时间：0.117000 axbx上下届时间：0.426000 
***********
Minimum Execution Time:0.559000
Maximum Execution Time:0.637000
Average Execution Time:0.598000
