best_sol:28 86 85 83 35 0 19 73 16 10 69 2 90 22 48 78 66 8 56 11 45 65 93 95 53 91 42 77 87 9 50 41 25 55 39 18 32 67 76 61 57 71 97 15 27 24 31 98 23 21 30 89 74 63 49 64 70 7 82 34 81 75 46 79 13 51 1 43 3 33 72 88 52 12 58 5 59 17 37 40 44 68 80 36 14 99 6 62 96 29 60 84 4 94 47 54 20 92 38 26 
exact_result:0  ax上界求解时间：0.122000 上界花费时间：0.126000
 ax下界求解时间：0.092000 下界花费时间：0.096000 
bx上界求解时间：0.098000 上界花费时间：0.103000
 bx下界求解时间：0.108000 下界花费时间：0.113000 
模型总求解时间：0.644000  模型求解时间：0.138000 axbx上下届时间：0.490000 
***********
best_sol:28 86 85 83 35 0 19 73 16 10 69 2 90 22 48 78 66 8 56 11 45 65 93 95 53 91 42 77 87 9 50 41 25 55 39 18 32 67 76 61 57 71 97 15 27 24 31 98 23 21 30 89 74 63 49 64 70 7 82 34 81 75 46 79 13 51 1 43 3 33 72 88 52 12 58 5 59 17 37 40 44 68 80 36 14 99 6 62 96 29 60 84 4 94 47 54 20 92 38 26 
exact_result:0  ax上界求解时间：0.217000 上界花费时间：0.221000
 ax下界求解时间：0.083000 下界花费时间：0.088000 
bx上界求解时间：0.086000 上界花费时间：0.090000
 bx下界求解时间：0.087000 下界花费时间：0.091000 
模型总求解时间：0.696000  模型求解时间：0.136000 axbx上下届时间：0.540000 
***********
Minimum Execution Time:0.644000
Maximum Execution Time:0.696000
Average Execution Time:0.670000
