best_sol:90 33 45 24 71 49 54 19 22 86 97 77 59 40 25 21 99 81 65 7 78 15 8 88 3 14 62 84 53 58 56 89 72 1 42 52 69 63 91 70 13 94 34 61 95 2 57 60 51 5 73 48 35 28 6 79 30 46 29 12 47 43 26 37 75 18 67 66 74 36 39 4 32 50 68 64 92 11 20 55 83 17 87 80 27 98 9 82 23 31 0 38 76 96 41 44 93 10 85 16 
exact_result:455424  ax上界求解时间：0.099000 上界花费时间：0.103000
 ax下界求解时间：0.102000 下界花费时间：0.106000 
bx上界求解时间：0.112000 上界花费时间：0.117000
 bx下界求解时间：0.125000 下界花费时间：0.130000 
模型总求解时间：2.310000  模型求解时间：1.780000 axbx上下届时间：0.512000 
***********
best_sol:90 33 45 24 71 49 54 19 22 86 97 77 59 40 25 21 99 81 65 7 78 15 8 88 3 14 62 84 53 58 56 89 72 1 42 52 69 63 91 70 13 94 34 61 95 2 57 60 51 5 73 48 35 28 6 79 30 46 29 12 47 43 26 37 75 18 67 66 74 36 39 4 32 50 68 64 92 11 20 55 83 17 87 80 27 98 9 82 23 31 0 38 76 96 41 44 93 10 85 16 
exact_result:455424  ax上界求解时间：0.075000 上界花费时间：0.079000
 ax下界求解时间：0.078000 下界花费时间：0.082000 
bx上界求解时间：0.079000 上界花费时间：0.083000
 bx下界求解时间：0.079000 下界花费时间：0.083000 
模型总求解时间：2.166000  模型求解时间：1.775000 axbx上下届时间：0.375000 
***********
Minimum Execution Time:2.166000
Maximum Execution Time:2.310000
Average Execution Time:2.238000
