best_sol:46 0 30 148 98 63 7 9 5 99 84 42 8 88 11 31 79 76 2 18 19 6 1 35 37 21 22 29 133 26 23 106 60 51 4 65 49 15 20 40 55 67 57 39 59 61 32 91 94 47 48 80 53 38 52 27 24 70 13 14 105 140 3 33 50 75 78 68 10 58 43 56 74 28 115 45 135 17 16 128 77 97 96 62 116 73 87 41 72 54 92 93 139 64 25 66 100 82 71 101 129 95 12 44 83 107 120 123 111 138 141 81 127 69 117 118 113 104 149 89 109 124 136 137 36 34 125 114 132 145 85 86 130 134 131 121 110 90 122 108 143 112 144 126 142 102 147 103 146 119 
exact_result:0  ax上界求解时间：0.163000 上界花费时间：0.169000
 ax下界求解时间：0.166000 下界花费时间：0.171000 
bx上界求解时间：0.158000 上界花费时间：0.165000
 bx下界求解时间：0.204000 下界花费时间：0.210000 
模型总求解时间：1.102000  模型求解时间：0.236000 axbx上下届时间：0.830000 
***********
best_sol:46 0 30 148 98 63 7 9 5 99 84 42 8 88 11 31 79 76 2 18 19 6 1 35 37 21 22 29 133 26 23 106 60 51 4 65 49 15 20 40 55 67 57 39 59 61 32 91 94 47 48 80 53 38 52 27 24 70 13 14 105 140 3 33 50 75 78 68 10 58 43 56 74 28 115 45 135 17 16 128 77 97 96 62 116 73 87 41 72 54 92 93 139 64 25 66 100 82 71 101 129 95 12 44 83 107 120 123 111 138 141 81 127 69 117 118 113 104 149 89 109 124 136 137 36 34 125 114 132 145 85 86 130 134 131 121 110 90 122 108 143 112 144 126 142 102 147 103 146 119 
exact_result:0  ax上界求解时间：0.153000 上界花费时间：0.159000
 ax下界求解时间：0.152000 下界花费时间：0.158000 
bx上界求解时间：0.150000 上界花费时间：0.156000
 bx下界求解时间：0.160000 下界花费时间：0.166000 
模型总求解时间：0.997000  模型求解时间：0.234000 axbx上下届时间：0.731000 
***********
Minimum Execution Time:0.997000
Maximum Execution Time:1.102000
Average Execution Time:1.049500
