best_sol:78 6 99 22 48 75 45 12 40 38 36 80 7 29 54 81 64 90 5 67 89 52 62 87 53 46 49 32 31 10 85 95 98 74 55 44 93 70 14 25 8 47 59 2 35 18 50 41 13 68 43 3 61 1 37 58 28 69 19 42 34 0 97 66 96 56 86 65 21 57 20 27 60 51 33 23 84 88 15 91 39 17 83 11 4 30 71 73 77 16 9 79 94 24 92 82 63 26 72 76 
exact_result:0  ax上界求解时间：0.110000 上界花费时间：0.114000
 ax下界求解时间：0.121000 下界花费时间：0.125000 
bx上界求解时间：0.106000 上界花费时间：0.111000
 bx下界求解时间：0.111000 下界花费时间：0.116000 
模型总求解时间：0.656000  模型求解时间：0.117000 axbx上下届时间：0.521000 
***********
best_sol:78 6 99 22 48 75 45 12 40 38 36 80 7 29 54 81 64 90 5 67 89 52 62 87 53 46 49 32 31 10 85 95 98 74 55 44 93 70 14 25 8 47 59 2 35 18 50 41 13 68 43 3 61 1 37 58 28 69 19 42 34 0 97 66 96 56 86 65 21 57 20 27 60 51 33 23 84 88 15 91 39 17 83 11 4 30 71 73 77 16 9 79 94 24 92 82 63 26 72 76 
exact_result:0  ax上界求解时间：0.110000 上界花费时间：0.115000
 ax下界求解时间：0.234000 下界花费时间：0.238000 
bx上界求解时间：0.091000 上界花费时间：0.095000
 bx下界求解时间：0.090000 下界花费时间：0.094000 
模型总求解时间：0.729000  模型求解时间：0.116000 axbx上下届时间：0.593000 
***********
Minimum Execution Time:0.656000
Maximum Execution Time:0.729000
Average Execution Time:0.692500
