Found incumbent of value 7965087.000000 after 4.91 sec. (3841.86 ticks)
Clique table members: 1200.
MIP emphasis: balance optimality and feasibility.
MIP search method: dynamic search.
Parallel mode: deterministic, using up to 6 threads.
Root relaxation solution time = 87.55 sec. (28367.44 ticks)

        Nodes                                         Cuts/
   Node  Left     Objective  IInf  Best Integer    Best Bound    ItCnt     Gap

*     0+    0                      7965087.0000 -1.96612e+009              --- 
      0     0 -1.49970e+007  7968  7965087.0000 -1.49970e+007       64  288.28%
      0     0 -1.49966e+007  8039  7965087.0000      Cuts: 72      276  288.28%
      0     0 -1.49965e+007  8041  7965087.0000      Cuts: 23      321  288.28%
      0     0 -1.49963e+007  8053  7965087.0000      Cuts: 23      369  288.28%
      0     2 -1.49963e+007  8053  7965087.0000 -1.49963e+007      369  288.28%
Elapsed time = 1239.63 sec. (534928.95 ticks, tree = 0.01 MB, solutions = 1)
      1     3 -1.49960e+007  8053  7965087.0000 -1.49963e+007      403  288.28%
      2     4 -1.49476e+007  8038  7965087.0000 -1.49963e+007      875  288.28%
      3     5 -1.49957e+007  8056  7965087.0000 -1.49957e+007      949  288.27%
      4     6 -1.49473e+007  8047  7965087.0000 -1.49957e+007     1095  288.27%
      5     7 -1.48992e+007  8030  7965087.0000 -1.49957e+007     1644  288.27%
      6     8 -1.49469e+007  8051  7965087.0000 -1.49957e+007     1705  288.27%
      7     9 -1.48988e+007  8035  7965087.0000 -1.49957e+007     1732  288.27%
      8    10 -1.49953e+007  8059  7965087.0000 -1.49955e+007     1834  288.26%
      9    11 -1.49465e+007  8043  7965087.0000 -1.49955e+007     1954  288.26%
     10    12 -1.48984e+007  8034  7965087.0000 -1.49955e+007     2025  288.26%
Elapsed time = 1276.50 sec. (569977.91 ticks, tree = 0.01 MB, solutions = 1)
     11    13 -1.48495e+007  8013  7965087.0000 -1.49955e+007     2667  288.26%
     13    15 -1.49462e+007  8039  7965087.0000 -1.49955e+007     2801  288.26%
     14    16 -1.48981e+007  8031  7965087.0000 -1.49955e+007     2863  288.26%
     15    17 -1.49946e+007  8057  7965087.0000 -1.49955e+007     2907  288.26%
     16    18 -1.48977e+007  8041  7965087.0000 -1.49955e+007     3005  288.26%
     17    19 -1.49943e+007  8060  7965087.0000 -1.49955e+007     3107  288.26%
     18    20 -1.49940e+007  8059  7965087.0000 -1.49941e+007     3173  288.25%
     19    21 -1.49459e+007  8043  7965087.0000 -1.49941e+007     3282  288.25%
     20    22 -1.48974e+007  8042  7965087.0000 -1.49941e+007     3354  288.25%
     21    23 -1.48492e+007  8015  7965087.0000 -1.49941e+007     3428  288.25%
Elapsed time = 1313.51 sec. (595710.78 ticks, tree = 0.01 MB, solutions = 1)
     22    24 -1.49462e+007  8036  7965087.0000 -1.49941e+007     3680  288.25%
     23    25 -1.49476e+007  8049  7965087.0000 -1.49941e+007     3981  288.25%
     24    26 -1.49937e+007  8058  7965087.0000 -1.49941e+007     4026  288.25%
     25    27 -1.49456e+007  8037  7965087.0000 -1.49941e+007     4129  288.25%
     26    28 -1.48971e+007  8038  7965087.0000 -1.49941e+007     4185  288.25%
     27    29 -1.48489e+007  8017  7965087.0000 -1.49941e+007     4235  288.25%
     28    30 -1.49934e+007  8054  7965087.0000 -1.49941e+007     4307  288.25%
     29    31 -1.48968e+007  8038  7965087.0000 -1.49941e+007     4345  288.25%
     30    32 -1.48485e+007  8022  7965087.0000 -1.49941e+007     4444  288.25%
     31    33 -1.48965e+007  8031  7965087.0000 -1.49941e+007     4513  288.25%
Elapsed time = 1580.58 sec. (604354.53 ticks, tree = 0.01 MB, solutions = 1)
     33    35 -1.49931e+007  8057  7965087.0000 -1.49934e+007     4645  288.24%
     34    36 -1.49452e+007  8048  7965087.0000 -1.49934e+007     4699  288.24%
     35    37 -1.48962e+007  8037  7965087.0000 -1.49934e+007     4770  288.24%
     36    38 -1.48479e+007  8019  7965087.0000 -1.49934e+007     4837  288.24%
     37    39 -1.49459e+007  8037  7965087.0000 -1.49934e+007     4902  288.24%
     38    40 -1.49473e+007  8051  7965087.0000 -1.49934e+007     4942  288.24%
     39    41 -1.49928e+007  8059  7965087.0000 -1.49934e+007     4961  288.24%
     40    42 -1.49449e+007  8043  7965087.0000 -1.49934e+007     5007  288.24%
     41    43 -1.48959e+007  8033  7965087.0000 -1.49934e+007     5027  288.24%
     42    44 -1.48476e+007  8019  7965087.0000 -1.49934e+007     5047  288.24%
Elapsed time = 1604.75 sec. (687820.69 ticks, tree = 0.01 MB, solutions = 1)
     46    48 -1.49446e+007  8051  7965087.0000 -1.49934e+007     5284  288.24%
     47    49 -1.48955e+007  8029  7965087.0000 -1.49934e+007     5338  288.24%
     49    51 -1.49452e+007  8035  7965087.0000 -1.49934e+007     5443  288.24%
     51    53 -1.49922e+007  8055  7965087.0000 -1.49934e+007     5561  288.24%
     52    54 -1.49443e+007  8043  7965087.0000 -1.49934e+007     5665  288.24%
     53    55 -1.48952e+007  8036  7965087.0000 -1.49934e+007     5723  288.24%
     54    56 -1.48470e+007  8027  7965087.0000 -1.49934e+007     5768  288.24%
     55    57 -1.49449e+007  8036  7965087.0000 -1.49934e+007     5844  288.24%
     56    58 -1.49464e+007  8050  7965087.0000 -1.49934e+007     5893  288.24%
     57    59 -1.49918e+007  8048  7965087.0000 -1.49934e+007     5960  288.24%
Elapsed time = 1619.22 sec. (691439.95 ticks, tree = 0.01 MB, solutions = 1)
     58    60 -1.49440e+007  8045  7965087.0000 -1.49934e+007     6015  288.24%
     61    63 -1.49446e+007  8041  7965087.0000 -1.49934e+007     6175  288.24%
     63    65 -1.49915e+007  8059  7965087.0000 -1.49934e+007     6268  288.24%
     64    66 -1.49437e+007  8060  7965087.0000 -1.49934e+007     6348  288.24%
     65    67 -1.48946e+007  8036  7965087.0000 -1.49934e+007     6406  288.24%
     66    68 -1.48464e+007  8024  7965087.0000 -1.49934e+007     6444  288.24%
     67    69 -1.49443e+007  8037  7965087.0000 -1.49934e+007     6499  288.24%
     69    71 -1.49912e+007  8061  7965087.0000 -1.49934e+007     6577  288.24%
     70    72 -1.49434e+007  8051  7965087.0000 -1.49934e+007     6640  288.24%
     71    73 -1.48944e+007  8040  7965087.0000 -1.49934e+007     6706  288.24%
Elapsed time = 1704.13 sec. (694155.70 ticks, tree = 0.01 MB, solutions = 1)
     72    74 -1.49440e+007  8043  7965087.0000 -1.49934e+007     6781  288.24%
     74    76 -1.49909e+007  8066  7965087.0000 -1.49934e+007     6860  288.24%
     75    77 -1.49431e+007  8054  7965087.0000 -1.49934e+007     6904  288.24%
     77    79 -1.49437e+007  8037  7965087.0000 -1.49934e+007     6976  288.24%
     79    81 -1.49906e+007  8057  7965087.0000 -1.49934e+007     7074  288.24%
     80    82 -1.49428e+007  8054  7965087.0000 -1.49934e+007     7090  288.24%
     81    83 -1.48937e+007  8044  7965087.0000 -1.49934e+007     7161  288.24%
     82    84 -1.49434e+007  8043  7965087.0000 -1.49934e+007     7219  288.24%
     84    86 -1.49903e+007  8066  7965087.0000 -1.49934e+007     7317  288.24%
     85    87 -1.49425e+007  8055  7965087.0000 -1.49934e+007     7331  288.24%
Elapsed time = 1704.13 sec. (698340.88 ticks, tree = 0.01 MB, solutions = 1)
     87    89 -1.49431e+007  8039  7965087.0000 -1.49934e+007     7444  288.24%
     89    91 -1.49900e+007  8056  7965087.0000 -1.49934e+007     7535  288.24%
     90    92 -1.49422e+007  8046  7965087.0000 -1.49934e+007     7579  288.24%
     91    93 -1.48931e+007  8051  7965087.0000 -1.49934e+007     7677  288.24%
     92    94 -1.49428e+007  8036  7965087.0000 -1.49934e+007     7749  288.24%
     94    96 -1.49897e+007  8059  7965087.0000 -1.49934e+007     7877  288.24%
     95    97 -1.49419e+007  8053  7965087.0000 -1.49934e+007     7920  288.24%
     96    98 -1.48928e+007  8049  7965087.0000 -1.49934e+007     7974  288.24%
     97    99 -1.49425e+007  8033  7965087.0000 -1.49934e+007     8031  288.24%
     99   101 -1.49894e+007  8050  7965087.0000 -1.49934e+007     8115  288.24%
Elapsed time = 1704.13 sec. (702229.61 ticks, tree = 0.01 MB, solutions = 1)
    102   104 -1.49421e+007  8038  7965087.0000 -1.49934e+007     8290  288.24%
    104   106 -1.49890e+007  8050  7965087.0000 -1.49934e+007     8426  288.24%
    106   108 -1.48922e+007  8049  7965087.0000 -1.49934e+007     8540  288.24%
    107   109 -1.49433e+007  8043  7965087.0000 -1.49934e+007     8620  288.24%
    108   110 -1.49887e+007  8056  7965087.0000 -1.49934e+007     8685  288.24%
    109   111 -1.49410e+007  8053  7965087.0000 -1.49934e+007     8748  288.24%
    110   112 -1.48920e+007  8048  7965087.0000 -1.49934e+007     8784  288.24%
    111   113 -1.49429e+007  8042  7965087.0000 -1.49934e+007     8904  288.24%
    112   114 -1.49884e+007  8059  7965087.0000 -1.49934e+007     8950  288.24%
    113   115 -1.49407e+007  8050  7965087.0000 -1.49934e+007     8974  288.24%
Elapsed time = 1704.13 sec. (705088.84 ticks, tree = 0.01 MB, solutions = 1)
    114   116 -1.48917e+007  8046  7965087.0000 -1.49934e+007     9062  288.24%
    115   117 -1.49404e+007  8049  7965087.0000 -1.49934e+007     9102  288.24%
    116   118 -1.49401e+007  8049  7965087.0000 -1.49934e+007     9181  288.24%
    117   119 -1.49881e+007  8054  7965087.0000 -1.49882e+007     9232  288.17%
    118   120 -1.49398e+007  8056  7965087.0000 -1.49882e+007     9290  288.17%
    119   121 -1.48914e+007  8047  7965087.0000 -1.49882e+007     9345  288.17%
    120   122 -1.48461e+007  8018  7965087.0000 -1.49882e+007     9400  288.17%
    121   123 -1.49418e+007  8035  7965087.0000 -1.49882e+007     9506  288.17%
    122   124 -1.49426e+007  8053  7965087.0000 -1.49882e+007     9598  288.17%
    123   125 -1.49879e+007  8055  7965087.0000 -1.49882e+007     9629  288.17%
Elapsed time = 1712.42 sec. (748524.54 ticks, tree = 0.01 MB, solutions = 1)
    139   141 -1.49409e+007  8035  7965087.0000 -1.49882e+007    10521  288.17%
    140   142 -1.49417e+007  8046  7965087.0000 -1.49882e+007    10595  288.17%
    141   143 -1.49869e+007  8054  7965087.0000 -1.49882e+007    10621  288.17%
    142   144 -1.49386e+007  8051  7965087.0000 -1.49882e+007    10705  288.17%
    143   145 -1.48902e+007  8041  7965087.0000 -1.49882e+007    10757  288.17%
    145   147 -1.49406e+007  8047  7965087.0000 -1.49882e+007    10832  288.17%
    146   148 -1.49414e+007  8050  7965087.0000 -1.49882e+007    10908  288.17%
    147   149 -1.49866e+007  8051  7965087.0000 -1.49882e+007    10977  288.17%
    148   150 -1.49383e+007  8049  7965087.0000 -1.49882e+007    11016  288.17%
    149   151 -1.48899e+007  8038  7965087.0000 -1.49882e+007    11086  288.17%
Elapsed time = 1875.69 sec. (831487.37 ticks, tree = 0.01 MB, solutions = 1)
    205   207 -1.47900e+007  8003  7965087.0000 -1.49847e+007    14925  288.13%
    208   210 -1.49351e+007  8030  7965087.0000 -1.49847e+007    15083  288.13%
    209   211 -1.49375e+007  8044  7965087.0000 -1.49847e+007    15135  288.13%
    210   212 -1.48893e+007  8040  7965087.0000 -1.49847e+007    15185  288.13%
    211   213 -1.47897e+007  8008  7965087.0000 -1.49847e+007    15239  288.13%
    212   214 -1.49365e+007  8047  7965087.0000 -1.49847e+007    15274  288.13%
    213   215 -1.49379e+007  8047  7965087.0000 -1.49847e+007    15310  288.13%
    214   216 -1.49348e+007  8028  7965087.0000 -1.49847e+007    15385  288.13%
    215   217 -1.49373e+007  8048  7965087.0000 -1.49847e+007    15433  288.13%
    216   218 -1.48890e+007  8044  7965087.0000 -1.49847e+007    15467  288.13%
Elapsed time = 1889.95 sec. (836151.75 ticks, tree = 84.90 MB, solutions = 1)
    221   223 -1.48882e+007  8027  7965087.0000 -1.49847e+007    16276  288.13%
    223   225 -1.47401e+007  7993  7965087.0000 -1.49847e+007    16732  288.13%
    224   226 -1.48877e+007  8017  7965087.0000 -1.49847e+007    17379  288.13%
    226   228 -1.48860e+007  8018  7965087.0000 -1.49847e+007    17920  288.13%
    227   229 -1.48879e+007  8027  7965087.0000 -1.49847e+007    17946  288.13%
    229   231 -1.47892e+007  8006  7965087.0000 -1.49847e+007    18060  288.13%
    230   232 -1.49359e+007  8049  7965087.0000 -1.49847e+007    18125  288.13%
    232   234 -1.49342e+007  8027  7965087.0000 -1.49847e+007    18236  288.13%
    233   235 -1.48876e+007  8022  7965087.0000 -1.49847e+007    18312  288.13%
    235   237 -1.47889e+007  8006  7965087.0000 -1.49847e+007    18410  288.13%
Elapsed time = 1950.01 sec. (854271.75 ticks, tree = 84.90 MB, solutions = 1)
    245   247 -1.48389e+007  8022  7965087.0000 -1.49847e+007    19681  288.13%
    248   250 -1.49351e+007  8044  7965087.0000 -1.49847e+007    19871  288.13%
    251   253 -1.48870e+007  8024  7965087.0000 -1.49847e+007    19984  288.13%
    253   255 -1.47881e+007  8001  7965087.0000 -1.49847e+007    20483  288.13%
    254   256 -1.49348e+007  8042  7965087.0000 -1.49847e+007    20521  288.13%
    255   257 -1.48880e+007  8043  7965087.0000 -1.49847e+007    20887  288.13%
    256   258 -1.49331e+007  8035  7965087.0000 -1.49847e+007    20953  288.13%
    258   260 -1.47877e+007  7998  7965087.0000 -1.49847e+007    21013  288.13%
    259   261 -1.49345e+007  8035  7965087.0000 -1.49847e+007    21067  288.13%
    260   262 -1.49363e+007  8054  7965087.0000 -1.49847e+007    21132  288.13%
Elapsed time = 1980.06 sec. (861239.89 ticks, tree = 84.90 MB, solutions = 1)
    263   265 -1.47393e+007  7990  7965087.0000 -1.49847e+007    21839  288.13%
    266   268 -1.48839e+007  8036  7965087.0000 -1.49847e+007    22289  288.13%
    268   270 -1.48383e+007  8024  7965087.0000 -1.49847e+007    23010  288.13%
    269   271 -1.49326e+007  8040  7965087.0000 -1.49847e+007    23110  288.13%
    270   272 -1.48868e+007  8024  7965087.0000 -1.49847e+007    23190  288.13%
    271   273 -1.48866e+007  8032  7965087.0000 -1.49847e+007    23243  288.13%
    272   274 -1.47390e+007  7990  7965087.0000 -1.49847e+007    23339  288.13%
    273   275 -1.49340e+007  8043  7965087.0000 -1.49847e+007    23385  288.13%
    274   276 -1.49358e+007  8054  7965087.0000 -1.49847e+007    23427  288.13%
    275   277 -1.49323e+007  8038  7965087.0000 -1.49847e+007    23466  288.13%
Elapsed time = 1990.25 sec. (872440.72 ticks, tree = 205.56 MB, solutions = 1)
    281   283 -1.48840e+007  8012  7965087.0000 -1.49847e+007    24296  288.13%
    286   288 -1.48870e+007  8028  7965087.0000 -1.49847e+007    25398  288.13%
    287   289 -1.48837e+007  8010  7965087.0000 -1.49847e+007    25539  288.13%
    292   294 -1.49353e+007  8045  7965087.0000 -1.49847e+007    25799  288.13%
    293   295 -1.48835e+007  8020  7965087.0000 -1.49847e+007    25840  288.13%
    294   296 -1.48856e+007  8031  7965087.0000 -1.49847e+007    25900  288.13%
    295   297 -1.48372e+007  8021  7965087.0000 -1.49847e+007    26338  288.13%
    296   298 -1.46893e+007  7971  7965087.0000 -1.49847e+007    26985  288.13%
    297   299 -1.48836e+007  8019  7965087.0000 -1.49847e+007    27465  288.13%
    298   300 -1.49350e+007  8043  7965087.0000 -1.49847e+007    27526  288.13%
Elapsed time = 2057.01 sec. (892854.39 ticks, tree = 205.56 MB, solutions = 1)
    316   318 -1.48857e+007  8036  7965087.0000 -1.49847e+007    29848  288.13%
    319   321 -1.48364e+007  8027  7965087.0000 -1.49847e+007    30023  288.13%
    322   324 -1.48854e+007  8039  7965087.0000 -1.49847e+007    30815  288.13%
    324   326 -1.48358e+007  8013  7965087.0000 -1.49847e+007    31535  288.13%
    325   327 -1.48362e+007  8025  7965087.0000 -1.49847e+007    31565  288.13%
    329   331 -1.48845e+007  8031  7965087.0000 -1.49847e+007    31779  288.13%
    330   332 -1.48359e+007  8025  7965087.0000 -1.49847e+007    31829  288.13%
    332   334 -1.49318e+007  8044  7965087.0000 -1.49847e+007    31930  288.13%
    333   335 -1.48815e+007  8015  7965087.0000 -1.49847e+007    31986  288.13%
    334   336 -1.48356e+007  8018  7965087.0000 -1.49847e+007    32067  288.13%
Elapsed time = 2092.70 sec. (901731.55 ticks, tree = 205.56 MB, solutions = 1)
    349   351 -1.48798e+007  8031  7965087.0000 -1.49847e+007    32981  288.13%
    350   352 -1.48842e+007  8026  7965087.0000 -1.49847e+007    33046  288.13%
    351   353 -1.48351e+007  8022  7965087.0000 -1.49847e+007    33122  288.13%
    352   354 -1.46865e+007  7986  7965087.0000 -1.49847e+007    33634  288.13%
    353   355 -1.49304e+007  8036  7965087.0000 -1.49847e+007    33685  288.13%
    354   356 -1.48851e+007  8038  7965087.0000 -1.49847e+007    33727  288.13%
    355   357 -1.48839e+007  8031  7965087.0000 -1.49847e+007    33782  288.13%
    356   358 -1.48347e+007  8024  7965087.0000 -1.49847e+007    33805  288.13%
    357   359 -1.46862e+007  7983  7965087.0000 -1.49847e+007    33858  288.13%
    358   360 -1.49301e+007  8038  7965087.0000 -1.49847e+007    33924  288.13%
Elapsed time = 2326.56 sec. (907795.44 ticks, tree = 231.60 MB, solutions = 1)
    359   361 -1.48362e+007  8021  7965087.0000 -1.49847e+007    34392  288.13%
    361   363 -1.47862e+007  8014  7965087.0000 -1.49847e+007    34901  288.13%
    362   364 -1.46374e+007  7978  7965087.0000 -1.49847e+007    35612  288.13%
    364   366 -1.48848e+007  8033  7965087.0000 -1.49847e+007    35732  288.13%
*   366+  366                      7256704.0000 -1.49847e+007           306.49%
    366   368 -1.47860e+007  8001  7256704.0000 -1.49847e+007    35821  306.49%
    367   369 -1.46860e+007  7982  7256704.0000 -1.49847e+007    35876  306.49%
*   368+  368                      7240305.0000 -1.49847e+007           306.96%
    368   370 -1.49295e+007  8037  7240305.0000 -1.49847e+007    35941  306.96%
    369   371 -1.48846e+007  8038  7240305.0000 -1.49847e+007    36011  306.96%
    371   373 -1.46857e+007  7987  7240305.0000 -1.49847e+007    36094  306.96%
    372   374 -1.48363e+007  8004  7240305.0000 -1.49847e+007    36770  306.96%
Elapsed time = 2337.08 sec. (933189.71 ticks, tree = 231.60 MB, solutions = 1)
    374   376 -1.46371e+007  7971  7240305.0000 -1.49847e+007    37254  306.96%
    379   381 -1.48354e+007  8004  7240305.0000 -1.49847e+007    37563  306.96%
    381   383 -1.48352e+007  8009  7240305.0000 -1.49847e+007    37673  306.96%
    382   384 -1.48817e+007  8020  7240305.0000 -1.49847e+007    37728  306.96%
    383   385 -1.48795e+007  8034  7240305.0000 -1.49847e+007    37769  306.96%
    384   386 -1.48814e+007  8028  7240305.0000 -1.49847e+007    37841  306.96%
    385   387 -1.47857e+007  8005  7240305.0000 -1.49847e+007    37915  306.96%
    386   388 -1.46854e+007  7989  7240305.0000 -1.49847e+007    37945  306.96%
    387   389 -1.49293e+007  8034  7240305.0000 -1.49847e+007    37988  306.96%
    388   390 -1.48349e+007  8008  7240305.0000 -1.49847e+007    38007  306.96%
Elapsed time = 2341.53 sec. (1016763.28 ticks, tree = 242.08 MB, solutions = 3)
    398   400 -1.46368e+007  7951  7240305.0000 -1.49847e+007    39134  306.96%
    400   402 -1.48343e+007  8002  7240305.0000 -1.49847e+007    39243  306.96%
    402   404 -1.48805e+007  8032  7240305.0000 -1.49847e+007    39339  306.96%
    404   406 -1.46365e+007  7953  7240305.0000 -1.49847e+007    39435  306.96%
    406   408 -1.48340e+007  8006  7240305.0000 -1.49847e+007    39536  306.96%
    408   410 -1.48803e+007  8028  7240305.0000 -1.49847e+007    39626  306.96%
    409   411 -1.47846e+007  8009  7240305.0000 -1.49847e+007    39674  306.96%
    410   412 -1.46363e+007  7955  7240305.0000 -1.49847e+007    39757  306.96%
    412   414 -1.48338e+007  8010  7240305.0000 -1.49847e+007    39812  306.96%
    413   415 -1.48781e+007  8034  7240305.0000 -1.49847e+007    39864  306.96%
Elapsed time = 2388.56 sec. (1021059.62 ticks, tree = 242.08 MB, solutions = 3)
    414   416 -1.48319e+007  8016  7240305.0000 -1.49847e+007    40516  306.96%
    416   418 -1.46360e+007  7953  7240305.0000 -1.49847e+007    40668  306.96%
    420   422 -1.48317e+007  8009  7240305.0000 -1.49847e+007    40903  306.96%
    422   424 -1.46357e+007  7965  7240305.0000 -1.49847e+007    41011  306.96%
    424   426 -1.48332e+007  8022  7240305.0000 -1.49847e+007    41092  306.96%
    426   428 -1.47824e+007  8000  7240305.0000 -1.49847e+007    41738  306.96%
    428   430 -1.46354e+007  7961  7240305.0000 -1.49847e+007    41838  306.96%
    430   432 -1.48330e+007  8026  7240305.0000 -1.49847e+007    41937  306.96%
    432   434 -1.47821e+007  7999  7240305.0000 -1.49847e+007    42065  306.96%
    433   435 -1.47835e+007  8017  7240305.0000 -1.49847e+007    42135  306.96%
Elapsed time = 2445.16 sec. (1025218.40 ticks, tree = 242.08 MB, solutions = 3)
    434   436 -1.46352e+007  7966  7240305.0000 -1.49847e+007    42199  306.96%
    436   438 -1.48327e+007  8028  7240305.0000 -1.49847e+007    42298  306.96%
    438   440 -1.47819e+007  7999  7240305.0000 -1.49847e+007    42480  306.96%
    440   442 -1.46349e+007  7966  7240305.0000 -1.49847e+007    42613  306.96%
    442   444 -1.48324e+007  8024  7240305.0000 -1.49847e+007    42674  306.96%
    444   446 -1.47816e+007  7996  7240305.0000 -1.49847e+007    42797  306.96%
    446   448 -1.45856e+007  7943  7240305.0000 -1.49847e+007    43426  306.96%
    448   450 -1.48322e+007  8026  7240305.0000 -1.49847e+007    43560  306.96%
    450   452 -1.47813e+007  7999  7240305.0000 -1.49847e+007    43674  306.96%
    451   453 -1.47340e+007  8003  7240305.0000 -1.49847e+007    44190  306.96%
Elapsed time = 2461.91 sec. (1037225.46 ticks, tree = 242.08 MB, solutions = 3)
    452   454 -1.45853e+007  7948  7240305.0000 -1.49847e+007    44272  306.96%
    456   458 -1.47811e+007  7999  7240305.0000 -1.49847e+007    44471  306.96%
    469   471 -1.47330e+007  7989  7240305.0000 -1.49847e+007    45611  306.96%
    473   475 -1.47327e+007  7992  7240305.0000 -1.49847e+007    45752  306.96%
    477   479 -1.47324e+007  7994  7240305.0000 -1.49847e+007    45962  306.96%
    479   481 -1.48303e+007  8023  7240305.0000 -1.49847e+007    46099  306.96%
    481   483 -1.47322e+007  7998  7240305.0000 -1.49847e+007    46192  306.96%
    482   484 -1.48750e+007  8035  7240305.0000 -1.49847e+007    46817  306.96%
    483   485 -1.48300e+007  8026  7240305.0000 -1.49847e+007    46859  306.96%
    484   486 -1.48747e+007  8040  7240305.0000 -1.49847e+007    46880  306.96%
Elapsed time = 2468.50 sec. (1041503.14 ticks, tree = 242.08 MB, solutions = 3)
    485   487 -1.47319e+007  7999  7240305.0000 -1.49847e+007    46913  306.96%
    486   488 -1.49244e+007  8050  7240305.0000 -1.49847e+007    46988  306.96%
    487   489 -1.48298e+007  8026  7240305.0000 -1.49847e+007    47048  306.96%
    489   491 -1.47316e+007  7996  7240305.0000 -1.49847e+007    47168  306.96%
    490   492 -1.49241e+007  8055  7240305.0000 -1.49847e+007    47199  306.96%
    491   493 -1.48295e+007  8018  7240305.0000 -1.49847e+007    47259  306.96%
    493   495 -1.47314e+007  8001  7240305.0000 -1.49847e+007    47334  306.96%
    494   496 -1.49239e+007  8050  7240305.0000 -1.49847e+007    47364  306.96%
    495   497 -1.47798e+007  8010  7240305.0000 -1.49847e+007    47993  306.96%
    497   499 -1.47311e+007  8002  7240305.0000 -1.49847e+007    48061  306.96%
Elapsed time = 2468.50 sec. (1049398.13 ticks, tree = 242.08 MB, solutions = 3)
    507   509 -1.48740e+007  8027  7240305.0000 -1.49847e+007    48886  306.96%
    509   511 -1.47302e+007  7994  7240305.0000 -1.49847e+007    49022  306.96%
    511   513 -1.47299e+007  7995  7240305.0000 -1.49847e+007    49118  306.96%
    513   515 -1.48227e+007  8007  7240305.0000 -1.49847e+007    49606  306.96%
    514   516 -1.48720e+007  8032  7240305.0000 -1.49847e+007    49652  306.96%
    515   517 -1.47808e+007  8003  7240305.0000 -1.49847e+007    49745  306.96%
    516   518 -1.47296e+007  8006  7240305.0000 -1.49847e+007    49813  306.96%
    517   519 -1.45367e+007  7923  7240305.0000 -1.49847e+007    50497  306.96%
    518   520 -1.49228e+007  8054  7240305.0000 -1.49847e+007    50534  306.96%
    519   521 -1.48292e+007  8019  7240305.0000 -1.49847e+007    50578  306.96%
Elapsed time = 2506.58 sec. (1060620.44 ticks, tree = 282.52 MB, solutions = 3)
    521   523 -1.47318e+007  7996  7240305.0000 -1.49847e+007    51231  306.96%
    523   525 -1.45850e+007  7944  7240305.0000 -1.49847e+007    51279  306.96%
    527   529 -1.47316e+007  7987  7240305.0000 -1.49847e+007    51447  306.96%
    529   531 -1.45848e+007  7952  7240305.0000 -1.49847e+007    51577  306.96%
    533   535 -1.47313e+007  7986  7240305.0000 -1.49847e+007    51722  306.96%
    535   537 -1.45845e+007  7946  7240305.0000 -1.49847e+007    51830  306.96%
    536   538 -1.48734e+007  8028  7240305.0000 -1.49847e+007    52424  306.96%
    539   541 -1.47311e+007  7988  7240305.0000 -1.49847e+007    52566  306.96%
    540   542 -1.47286e+007  7992  7240305.0000 -1.49847e+007    52589  306.96%
    541   543 -1.45843e+007  7952  7240305.0000 -1.49847e+007    52641  306.96%
Elapsed time = 2521.34 sec. (1074699.38 ticks, tree = 282.52 MB, solutions = 3)
    547   549 -1.45352e+007  7923  7240305.0000 -1.49847e+007    53328  306.96%
    553   555 -1.45840e+007  7955  7240305.0000 -1.49847e+007    53642  306.96%
    557   559 -1.46809e+007  7967  7240305.0000 -1.49847e+007    54315  306.96%
    559   561 -1.45837e+007  7956  7240305.0000 -1.49847e+007    54410  306.96%
    563   565 -1.47302e+007  7991  7240305.0000 -1.49847e+007    54621  306.96%
    565   567 -1.45347e+007  7950  7240305.0000 -1.49847e+007    55252  306.96%
    569   571 -1.47300e+007  7995  7240305.0000 -1.49847e+007    55860  306.96%
    571   573 -1.45345e+007  7947  7240305.0000 -1.49847e+007    55988  306.96%
    575   577 -1.47298e+007  7989  7240305.0000 -1.49847e+007    56243  306.96%
    577   579 -1.45342e+007  7943  7240305.0000 -1.49847e+007    56395  306.96%
Elapsed time = 2599.63 sec. (1098725.68 ticks, tree = 282.52 MB, solutions = 3)
    595   597 -1.45335e+007  7940  7240305.0000 -1.49847e+007    57530  306.96%
    619   621 -1.47279e+007  7985  7240305.0000 -1.49847e+007    60331  306.96%
    629   631 -1.48201e+007  8013  7240305.0000 -1.49847e+007    61068  306.96%
    652   654 -1.48652e+007  8032  7240305.0000 -1.49847e+007    62108  306.96%
    654   656 -1.48222e+007  8001  7240305.0000 -1.49847e+007    62249  306.96%
    663   665 -1.47201e+007  7977  7240305.0000 -1.49847e+007    62666  306.96%
    664   666 -1.48649e+007  8038  7240305.0000 -1.49847e+007    62738  306.96%
    665   667 -1.47277e+007  7984  7240305.0000 -1.49847e+007    62761  306.96%
    666   668 -1.47198e+007  7981  7240305.0000 -1.49847e+007    62809  306.96%
    667   669 -1.45332e+007  7938  7240305.0000 -1.49847e+007    62861  306.96%
Elapsed time = 2616.11 sec. (1107546.54 ticks, tree = 314.66 MB, solutions = 3)
    676   678 -1.48644e+007  8040  7240305.0000 -1.49847e+007    63319  306.96%
    682   684 -1.48642e+007  8039  7240305.0000 -1.49847e+007    63652  306.96%
    684   686 -1.47190e+007  7984  7240305.0000 -1.49847e+007    63790  306.96%
    687   689 -1.48212e+007  8013  7240305.0000 -1.49847e+007    63928  306.96%
    688   690 -1.48639e+007  8041  7240305.0000 -1.49847e+007    63954  306.96%
    689   691 -1.47267e+007  7979  7240305.0000 -1.49847e+007    63998  306.96%
    690   692 -1.47188e+007  7979  7240305.0000 -1.49847e+007    64097  306.96%
    692   694 -1.48680e+007  8032  7240305.0000 -1.49847e+007    64168  306.96%
    693   695 -1.48209e+007  8013  7240305.0000 -1.49847e+007    64219  306.96%
    694   696 -1.48636e+007  8045  7240305.0000 -1.49847e+007    64265  306.96%
Elapsed time = 2636.78 sec. (1113783.53 ticks, tree = 314.66 MB, solutions = 3)
    696   698 -1.47185e+007  7976  7240305.0000 -1.49847e+007    64431  306.96%
    702   704 -1.47183e+007  7978  7240305.0000 -1.49847e+007    64798  306.96%
    708   710 -1.47180e+007  7975  7240305.0000 -1.49847e+007    65084  306.96%
    710   712 -1.48188e+007  8007  7240305.0000 -1.49847e+007    65552  306.96%
    711   713 -1.48201e+007  8008  7240305.0000 -1.49847e+007    65629  306.96%
    714   716 -1.47177e+007  7975  7240305.0000 -1.49847e+007    65818  306.96%
    716   718 -1.48672e+007  8022  7240305.0000 -1.49847e+007    65976  306.96%
    717   719 -1.48199e+007  8011  7240305.0000 -1.49847e+007    66020  306.96%
    718   720 -1.48626e+007  8032  7240305.0000 -1.49847e+007    66073  306.96%
    719   721 -1.47254e+007  7988  7240305.0000 -1.49847e+007    66116  306.96%
Elapsed time = 2669.78 sec. (1118333.66 ticks, tree = 314.66 MB, solutions = 3)
    720   722 -1.47174e+007  7975  7240305.0000 -1.49847e+007    66160  306.96%
    722   724 -1.48669e+007  8026  7240305.0000 -1.49847e+007    66284  306.96%
    726   728 -1.47172e+007  7982  7240305.0000 -1.49847e+007    66461  306.96%
    728   730 -1.48667e+007  8019  7240305.0000 -1.49847e+007    66557  306.96%
    732   734 -1.47170e+007  7974  7240305.0000 -1.49847e+007    66802  306.96%
    734   736 -1.48664e+007  8018  7240305.0000 -1.49847e+007    66882  306.96%
    735   737 -1.48191e+007  8009  7240305.0000 -1.49847e+007    66922  306.96%
    737   739 -1.47247e+007  7981  7240305.0000 -1.49847e+007    67002  306.96%
    738   740 -1.47167e+007  7973  7240305.0000 -1.49847e+007    67060  306.96%
    740   742 -1.48662e+007  8017  7240305.0000 -1.49847e+007    67116  306.96%
Elapsed time = 2687.78 sec. (1131015.57 ticks, tree = 314.66 MB, solutions = 3)
    758   760 -1.48654e+007  8014  7240305.0000 -1.49847e+007    68002  306.96%
    764   766 -1.48651e+007  8012  7240305.0000 -1.49847e+007    68353  306.96%
    768   770 -1.47154e+007  7974  7240305.0000 -1.49847e+007    68670  306.96%
    770   772 -1.48649e+007  8017  7240305.0000 -1.49847e+007    68792  306.96%
    774   776 -1.47151e+007  7973  7240305.0000 -1.49847e+007    68975  306.96%
    775   777 -1.44801e+007  7921  7240305.0000 -1.49847e+007    69810  306.96%
    776   778 -1.48646e+007  8016  7240305.0000 -1.49847e+007    69840  306.96%
    780   782 -1.47149e+007  7973  7240305.0000 -1.49847e+007    70008  306.96%
    781   783 -1.44798e+007  7919  7240305.0000 -1.49847e+007    70107  306.96%
    782   784 -1.48643e+007  8024  7240305.0000 -1.49847e+007    70182  306.96%
Elapsed time = 2723.80 sec. (1138673.12 ticks, tree = 314.66 MB, solutions = 3)
    787   789 -1.44304e+007  7909  7240305.0000 -1.49847e+007    71332  306.96%
    797   799 -1.47141e+007  7982  7240305.0000 -1.49847e+007    71958  306.96%
    798   800 -1.48636e+007  8021  7240305.0000 -1.49847e+007    72006  306.96%
    802   804 -1.47139e+007  7983  7240305.0000 -1.49847e+007    72227  306.96%
    803   805 -1.48633e+007  8012  7240305.0000 -1.49847e+007    72295  306.96%
    807   809 -1.47136e+007  7978  7240305.0000 -1.49847e+007    72495  306.96%
    808   810 -1.48630e+007  8018  7240305.0000 -1.49847e+007    72559  306.96%
    812   814 -1.47133e+007  7978  7240305.0000 -1.49847e+007    72847  306.96%
    813   815 -1.48628e+007  8013  7240305.0000 -1.49847e+007    72933  306.96%
    814   816 -1.48154e+007  8007  7240305.0000 -1.49847e+007    72989  306.96%
Elapsed time = 2767.22 sec. (1142600.73 ticks, tree = 314.66 MB, solutions = 3)
    817   819 -1.47131e+007  7972  7240305.0000 -1.49847e+007    73125  306.96%
    818   820 -1.48625e+007  8016  7240305.0000 -1.49847e+007    73234  306.96%
    822   824 -1.47128e+007  7984  7240305.0000 -1.49847e+007    73432  306.96%
    823   825 -1.48623e+007  8022  7240305.0000 -1.49847e+007    73475  306.96%
    827   829 -1.47126e+007  7981  7240305.0000 -1.49847e+007    73664  306.96%
    828   830 -1.48620e+007  8024  7240305.0000 -1.49847e+007    73737  306.96%
    830   832 -1.48573e+007  8020  7240305.0000 -1.49847e+007    73826  306.96%
    832   834 -1.47123e+007  7982  7240305.0000 -1.49847e+007    73913  306.96%
    833   835 -1.48143e+007  8012  7240305.0000 -1.49847e+007    73967  306.96%
    834   836 -1.48570e+007  8016  7240305.0000 -1.49847e+007    74027  306.96%
Elapsed time = 2767.22 sec. (1147958.07 ticks, tree = 314.66 MB, solutions = 3)
    840   842 -1.47118e+007  7982  7240305.0000 -1.49847e+007    74316  306.96%
    847   849 -1.48132e+007  8013  7240305.0000 -1.49847e+007    74674  306.96%
    848   850 -1.48561e+007  8013  7240305.0000 -1.49847e+007    74746  306.96%
    850   852 -1.48130e+007  8018  7240305.0000 -1.49847e+007    74856  306.96%
    856   858 -1.47174e+007  7992  7240305.0000 -1.49847e+007    75124  306.96%
    857   859 -1.47172e+007  7994  7240305.0000 -1.49847e+007    75154  306.96%
    858   860 -1.47169e+007  7995  7240305.0000 -1.49847e+007    75190  306.96%
    859   861 -1.48558e+007  8016  7240305.0000 -1.49847e+007    75216  306.96%
    860   862 -1.47166e+007  8002  7240305.0000 -1.49847e+007    75267  306.96%
    861   863 -1.47115e+007  7972  7240305.0000 -1.49847e+007    75329  306.96%
Elapsed time = 2771.81 sec. (1160906.04 ticks, tree = 294.79 MB, solutions = 3)
    867   869 -1.47112e+007  7967  7240305.0000 -1.49847e+007    75694  306.96%
    872   874 -1.46675e+007  7975  7240305.0000 -1.49847e+007    76485  306.96%
    873   875 -1.44297e+007  7905  7240305.0000 -1.49847e+007    76536  306.96%
    877   879 -1.47161e+007  8011  7240305.0000 -1.49847e+007    76718  306.96%
    878   880 -1.44294e+007  7904  7240305.0000 -1.49847e+007    76757  306.96%
    879   881 -1.48610e+007  8022  7240305.0000 -1.49847e+007    76816  306.96%
    880   882 -1.48119e+007  8012  7240305.0000 -1.49847e+007    76878  306.96%
    882   884 -1.47158e+007  8011  7240305.0000 -1.49847e+007    76946  306.96%
    883   885 -1.44292e+007  7904  7240305.0000 -1.49847e+007    76979  306.96%
    884   886 -1.48607e+007  8018  7240305.0000 -1.49847e+007    77057  306.96%
Elapsed time = 3245.53 sec. (1168477.60 ticks, tree = 294.79 MB, solutions = 3)
    887   889 -1.47156e+007  8001  7240305.0000 -1.49847e+007    77242  306.96%
    892   894 -1.47154e+007  8002  7240305.0000 -1.49847e+007    77544  306.96%
    895   897 -1.48111e+007  8001  7240305.0000 -1.49847e+007    77691  306.96%
    897   899 -1.47151e+007  7993  7240305.0000 -1.49847e+007    77765  306.96%
    899   901 -1.48600e+007  8030  7240305.0000 -1.49847e+007    77884  306.96%
    900   902 -1.48108e+007  8000  7240305.0000 -1.49847e+007    77941  306.96%
    902   904 -1.47148e+007  7992  7240305.0000 -1.49847e+007    78027  306.96%
    904   906 -1.48597e+007  8022  7240305.0000 -1.49847e+007    78149  306.96%
    905   907 -1.48106e+007  8004  7240305.0000 -1.49847e+007    78208  306.96%
    907   909 -1.47146e+007  7996  7240305.0000 -1.49847e+007    78330  306.96%
Elapsed time = 3245.53 sec. (1177201.24 ticks, tree = 294.79 MB, solutions = 3)
    908   910 -1.43789e+007  7896  7240305.0000 -1.49847e+007    79132  306.96%
    913   915 -1.44280e+007  7907  7240305.0000 -1.49847e+007    79467  306.96%
    918   920 -1.44277e+007  7911  7240305.0000 -1.49847e+007    79677  306.96%
    923   925 -1.44274e+007  7900  7240305.0000 -1.49847e+007    80062  306.96%
    924   926 -1.48587e+007  8024  7240305.0000 -1.49847e+007    80129  306.96%
    926   928 -1.48524e+007  8022  7240305.0000 -1.49847e+007    80345  306.96%
    927   929 -1.47136e+007  7997  7240305.0000 -1.49847e+007    80433  306.96%
    928   930 -1.44271e+007  7907  7240305.0000 -1.49847e+007    80522  306.96%
    929   931 -1.48584e+007  8014  7240305.0000 -1.49847e+007    80601  306.96%
    931   933 -1.48522e+007  8023  7240305.0000 -1.49847e+007    80720  306.96%
Elapsed time = 3245.53 sec. (1183228.61 ticks, tree = 294.79 MB, solutions = 3)
    933   935 -1.44269e+007  7908  7240305.0000 -1.49847e+007    80784  306.96%
    934   936 -1.48090e+007  8002  7240305.0000 -1.49847e+007    80848  306.96%
    935   937 -1.48519e+007  8026  7240305.0000 -1.49847e+007    80908  306.96%
    937   939 -1.44266e+007  7900  7240305.0000 -1.49847e+007    80993  306.96%
    939   941 -1.44264e+007  7902  7240305.0000 -1.49847e+007    81042  306.96%
    941   943 -1.44262e+007  7900  7240305.0000 -1.49847e+007    81112  306.96%
    943   945 -1.44259e+007  7904  7240305.0000 -1.49847e+007    81176  306.96%
    945   947 -1.44257e+007  7905  7240305.0000 -1.49847e+007    81250  306.96%
    946   948 -1.47118e+007  7991  7240305.0000 -1.49847e+007    81288  306.96%
    947   949 -1.44254e+007  7906  7240305.0000 -1.49847e+007    81340  306.96%
Elapsed time = 3245.53 sec. (1199754.51 ticks, tree = 294.79 MB, solutions = 3)
    957   959 -1.44242e+007  7898  7240305.0000 -1.49847e+007    81758  306.96%
    959   961 -1.43751e+007  7887  7240305.0000 -1.49847e+007    82576  306.96%
    968   970 -1.47080e+007  7987  7240305.0000 -1.49847e+007    82995  306.96%
    969   971 -1.47077e+007  7982  7240305.0000 -1.49847e+007    83041  306.96%
    970   972 -1.47074e+007  7987  7240305.0000 -1.49847e+007    83104  306.96%
    971   973 -1.47071e+007  7987  7240305.0000 -1.49847e+007    83205  306.96%
    972   974 -1.47069e+007  7985  7240305.0000 -1.49847e+007    83224  306.96%
    973   975 -1.47066e+007  7977  7240305.0000 -1.49847e+007    83297  306.96%
    974   976 -1.47064e+007  7972  7240305.0000 -1.49847e+007    83331  306.96%
    975   977 -1.48517e+007  8025  7240305.0000 -1.49847e+007    83437  306.96%
Elapsed time = 3251.94 sec. (1351757.82 ticks, tree = 333.27 MB, solutions = 3)
    983   985 -1.46624e+007  7960  7240305.0000 -1.49847e+007    84635  306.96%
    987   989 -1.48511e+007  8023  7240305.0000 -1.49847e+007    84851  306.96%
    989   991 -1.46621e+007  7959  7240305.0000 -1.49847e+007    84943  306.96%
    993   995 -1.48509e+007  8026  7240305.0000 -1.49847e+007    85208  306.96%
    995   997 -1.46619e+007  7954  7240305.0000 -1.49847e+007    85348  306.96%
    996   998 -1.43741e+007  7890  7240305.0000 -1.49847e+007    86029  306.96%
    997   999 -1.48574e+007  8020  7240305.0000 -1.49847e+007    86106  306.96%
    999  1001 -1.48506e+007  8028  7240305.0000 -1.49847e+007    86196  306.96%
   1000  1002 -1.47051e+007  7978  7240305.0000 -1.49847e+007    86250  306.96%
   1001  1003 -1.46616e+007  7952  7240305.0000 -1.49847e+007    86297  306.96%
Elapsed time = 3300.64 sec. (1366960.38 ticks, tree = 333.27 MB, solutions = 3)
   1020  1022 -1.44224e+007  7911  7240305.0000 -1.49847e+007    87358  306.96%
   1025  1027 -1.46606e+007  7950  7240305.0000 -1.49847e+007    87638  306.96%
   1026  1028 -1.44222e+007  7907  7240305.0000 -1.49847e+007    87694  306.96%
   1031  1033 -1.46604e+007  7953  7240305.0000 -1.49847e+007    88050  306.96%
   1032  1034 -1.44219e+007  7904  7240305.0000 -1.49847e+007    88068  306.96%
   1037  1039 -1.46601e+007  7957  7240305.0000 -1.49847e+007    88280  306.96%
   1038  1040 -1.44217e+007  7906  7240305.0000 -1.49847e+007    88323  306.96%
   1043  1045 -1.46599e+007  7957  7240305.0000 -1.49847e+007    88518  306.96%
   1044  1046 -1.44214e+007  7907  7240305.0000 -1.49847e+007    88567  306.96%
   1045  1047 -1.48069e+007  7998  7240305.0000 -1.49847e+007    89402  306.96%
Elapsed time = 3370.64 sec. (1390567.47 ticks, tree = 333.27 MB, solutions = 3)
   1075  1077 -1.48056e+007  8001  7240305.0000 -1.49847e+007    91068  306.96%
   1081  1083 -1.48054e+007  8004  7240305.0000 -1.49847e+007    91399  306.96%
   1087  1089 -1.48051e+007  8006  7240305.0000 -1.49847e+007    91767  306.96%
   1089  1091 -1.48468e+007  8019  7240305.0000 -1.49847e+007    91902  306.96%
   1093  1095 -1.48049e+007  8004  7240305.0000 -1.49847e+007    92101  306.96%
   1097  1099 -1.43708e+007  7901  7240305.0000 -1.49847e+007    92976  306.96%
   1098  1100 -1.48047e+007  7999  7240305.0000 -1.49847e+007    93019  306.96%
   1102  1104 -1.44191e+007  7907  7240305.0000 -1.49847e+007    93223  306.96%
   1103  1105 -1.48044e+007  8000  7240305.0000 -1.49847e+007    93255  306.96%
   1105  1107 -1.47006e+007  7983  7240305.0000 -1.49847e+007    93321  306.96%
Elapsed time = 3399.75 sec. (1404063.39 ticks, tree = 333.27 MB, solutions = 3)
   1144  1146 -1.46551e+007  7956  7240305.0000 -1.49847e+007    95776  306.96%
   1147  1149 -1.47502e+007  7986  7240305.0000 -1.49847e+007    96503  306.96%
   1148  1150 -1.48462e+007  8017  7240305.0000 -1.49847e+007    96590  306.96%
   1150  1152 -1.46548e+007  7959  7240305.0000 -1.49847e+007    96694  306.96%
   1151  1153 -1.44167e+007  7912  7240305.0000 -1.49847e+007    96725  306.96%
   1152  1154 -1.48034e+007  7999  7240305.0000 -1.49847e+007    96799  306.96%
   1153  1155 -1.47499e+007  7987  7240305.0000 -1.49847e+007    96858  306.96%
   1154  1156 -1.48460e+007  8014  7240305.0000 -1.49847e+007    96906  306.96%
   1156  1158 -1.46546e+007  7962  7240305.0000 -1.49847e+007    97020  306.96%
   1157  1159 -1.44165e+007  7913  7240305.0000 -1.49847e+007    97059  306.96%
Elapsed time = 3448.64 sec. (1409264.22 ticks, tree = 387.88 MB, solutions = 3)
   1159  1161 -1.47497e+007  7984  7240305.0000 -1.49847e+007    97259  306.96%
   1164  1166 -1.48029e+007  7995  7240305.0000 -1.49847e+007    97562  306.96%
   1165  1167 -1.47494e+007  7986  7240305.0000 -1.49847e+007    97647  306.96%
   1166  1168 -1.48455e+007  8013  7240305.0000 -1.49847e+007    97741  306.96%
   1168  1170 -1.46541e+007  7952  7240305.0000 -1.49847e+007    97847  306.96%
   1170  1172 -1.48027e+007  7992  7240305.0000 -1.49847e+007    97927  306.96%
   1171  1173 -1.47492e+007  7987  7240305.0000 -1.49847e+007    98004  306.96%
   1172  1174 -1.48453e+007  8016  7240305.0000 -1.49847e+007    98041  306.96%
   1174  1176 -1.46539e+007  7958  7240305.0000 -1.49847e+007    98111  306.96%
   1176  1178 -1.48024e+007  7993  7240305.0000 -1.49847e+007    98201  306.96%
Elapsed time = 3469.39 sec. (1415871.08 ticks, tree = 387.88 MB, solutions = 3)
   1177  1179 -1.47489e+007  7985  7240305.0000 -1.49847e+007    98221  306.96%
   1183  1185 -1.46999e+007  7980  7240305.0000 -1.49847e+007    99258  306.96%
   1189  1191 -1.46997e+007  7974  7240305.0000 -1.49847e+007    99529  306.96%
   1190  1192 -1.47958e+007  8012  7240305.0000 -1.49847e+007   100191  306.96%
   1194  1196 -1.48017e+007  7995  7240305.0000 -1.49847e+007   100425  306.96%
   1195  1197 -1.46995e+007  7973  7240305.0000 -1.49847e+007   100475  306.96%
   1196  1198 -1.47955e+007  8013  7240305.0000 -1.49847e+007   100511  306.96%
*  1198+ 1198                      7235791.0000 -1.49847e+007           307.09%
*  1198+ 1198                      7217699.0000 -1.49847e+007           307.61%
*  1198+ 1198                      7135554.0000 -1.49847e+007           310.00%
   1198  1200 -1.46529e+007  7954  7135554.0000 -1.49847e+007   100695  310.00%
   1200  1202 -1.48015e+007  7998  7135554.0000 -1.49847e+007   100772  310.00%
   1201  1203 -1.46992e+007  7974  7135554.0000 -1.49847e+007   100805  310.00%
Elapsed time = 3575.45 sec. (1445565.98 ticks, tree = 387.88 MB, solutions = 3)
   1216  1218 -1.46985e+007  7974  7135554.0000 -1.49847e+007   102260  310.00%
   1221  1223 -1.46982e+007  7968  7135554.0000 -1.49847e+007   102532  310.00%
   1226  1228 -1.46980e+007  7962  7135554.0000 -1.49847e+007   102811  310.00%
   1231  1233 -1.46977e+007  7957  7135554.0000 -1.49847e+007   103085  310.00%
   1236  1238 -1.46974e+007  7967  7135554.0000 -1.49847e+007   103428  310.00%
   1241  1243 -1.46972e+007  7965  7135554.0000 -1.49847e+007   103708  310.00%
   1246  1248 -1.46969e+007  7961  7135554.0000 -1.49847e+007   104457  310.00%
   1251  1253 -1.46967e+007  7961  7135554.0000 -1.49847e+007   104777  310.00%
   1252  1254 -1.47929e+007  8018  7135554.0000 -1.49847e+007   104852  310.00%
   1256  1258 -1.46965e+007  7963  7135554.0000 -1.49847e+007   105038  310.00%
Elapsed time = 3594.83 sec. (1461030.52 ticks, tree = 387.88 MB, solutions = 3)
   1262  1264 -1.47437e+007  7999  7135554.0000 -1.49847e+007   106245  310.00%
   1276  1278 -1.47000e+007  7974  7135554.0000 -1.49847e+007   107515  310.00%
   1291  1293 -1.47434e+007  8001  7135554.0000 -1.49847e+007   108860  310.00%
   1292  1294 -1.46423e+007  7963  7135554.0000 -1.49847e+007   108887  310.00%
   1293  1295 -1.46526e+007  7955  7135554.0000 -1.49847e+007   108952  310.00%
   1294  1296 -1.44101e+007  7898  7135554.0000 -1.49847e+007   108977  310.00%
   1295  1297 -1.46997e+007  7986  7135554.0000 -1.49847e+007   109026  310.00%
   1296  1298 -1.46420e+007  7960  7135554.0000 -1.49847e+007   109038  310.00%
   1297  1299 -1.46418e+007  7960  7135554.0000 -1.49847e+007   109051  310.00%

Implied bound cuts applied:  137
Flow cuts applied:  2
Mixed integer rounding cuts applied:  1

Root node processing (before b&c):
  Real time             = 1236.31 sec. (532302.29 ticks)
Parallel b&c, 6 threads:
  Real time             = 2364.81 sec. (947570.37 ticks)
  Sync time (average)   =  484.59 sec.
  Wait time (average)   =  485.24 sec.
                          ------------
Total (root+branch&cut) = 3601.13 sec. (1479872.66 ticks)
