Found incumbent of value 3572591.000000 after 2.12 sec. (1755.58 ticks)
Clique table members: 800.
MIP emphasis: balance optimality and feasibility.
MIP search method: dynamic search.
Parallel mode: deterministic, using up to 6 threads.
Root relaxation solution time = 27.23 sec. (9826.09 ticks)

        Nodes                                         Cuts/
   Node  Left     Objective  IInf  Best Integer    Best Bound    ItCnt     Gap

*     0+    0                      3572591.0000 -5.83920e+008              --- 
      0     0 -6531508.8442  4415  3572591.0000 -6531508.8442       46  282.82%
      0     0 -6530732.5341  4545  3572591.0000      Cuts: 73      276  282.80%
      0     0 -6530350.4844  4541  3572591.0000      Cuts: 24      360  282.79%
      0     0 -6530203.3640  4558  3572591.0000      Cuts: 21      468  282.79%
      0     0 -6530056.1726  4564  3572591.0000      Cuts: 22      579  282.78%
Heuristic still looking.
      0     2 -6530056.1726  4563  3572591.0000 -6530056.1726      579  282.78%
Elapsed time = 65.83 sec. (55183.73 ticks, tree = 0.01 MB, solutions = 1)
      1     3 -6529790.6403  4592  3572591.0000 -6530056.1726      723  282.78%
      2     4 -6498096.3893  4556  3572591.0000 -6530056.1726     1544  282.78%
      3     5 -6529601.7049  4586  3572591.0000 -6529788.0000     1761  282.77%
      4     6 -6497825.8478  4564  3572591.0000 -6529788.0000     1864  282.77%
      5     7 -6466365.8212  4568  3572591.0000 -6529788.0000     2479  282.77%
      6     8 -6497213.7785  4557  3572591.0000 -6529788.0000     2973  282.77%
      7     9 -6497594.5886  4564  3572591.0000 -6529788.0000     3099  282.77%
      8    10 -6466140.7694  4563  3572591.0000 -6529788.0000     3182  282.77%
      9    11 -6465096.1013  4557  3572591.0000 -6529788.0000     3667  282.77%
     10    12 -6433602.9925  4537  3572591.0000 -6529788.0000     4278  282.77%
Elapsed time = 99.20 sec. (85985.44 ticks, tree = 0.01 MB, solutions = 1)
     11    13 -6529227.1622  4592  3572591.0000 -6529569.3333     5531  282.77%
     12    14 -6497232.4290  4577  3572591.0000 -6529569.3333     6387  282.77%
     13    15 -6465773.5069  4576  3572591.0000 -6529569.3333     7257  282.77%
     14    16 -6464823.9503  4551  3572591.0000 -6529569.3333     7793  282.77%
     15    17 -6432015.0644  4541  3572591.0000 -6529569.3333     8639  282.77%
     16    18 -6433213.8843  4549  3572591.0000 -6529569.3333    10352  282.77%
     17    19 -6497551.5668  4564  3572591.0000 -6529569.3333    11483  282.77%
     18    20 -6464932.6255  4551  3572591.0000 -6529569.3333    12621  282.77%
     19    21 -6433445.6807  4555  3572591.0000 -6529569.3333    13872  282.77%
     20    22 -6464678.1373  4551  3572591.0000 -6529569.3333    14481  282.77%
Elapsed time = 154.20 sec. (97588.45 ticks, tree = 0.01 MB, solutions = 1)
     21    23 -6432999.6399  4538  3572591.0000 -6529569.3333    16618  282.77%
     22    24 -6529151.8456  4578  3572591.0000 -6529225.0000    17047  282.76%
     23    25 -6496997.1868  4566  3572591.0000 -6529225.0000    17527  282.76%
     24    26 -6465538.1913  4562  3572591.0000 -6529225.0000    17960  282.76%
     25    27 -6432220.7919  4535  3572591.0000 -6529225.0000    18783  282.76%
     26    28 -6431755.5649  4537  3572591.0000 -6529225.0000    19126  282.76%
     27    29 -6400821.6681  4544  3572591.0000 -6529225.0000    20313  282.76%
     28    30 -6529038.1034  4592  3572591.0000 -6529225.0000    20833  282.76%
     29    31 -6465060.7390  4555  3572591.0000 -6529225.0000    21721  282.76%
     30    32 -6433585.4418  4551  3572591.0000 -6529225.0000    22460  282.76%
Elapsed time = 217.70 sec. (123443.34 ticks, tree = 0.01 MB, solutions = 1)
     33    35 -6432699.6379  4545  3572591.0000 -6529225.0000    24150  282.76%
     34    36 -6499547.0267  4560  3572591.0000 -6529225.0000    24688  282.76%
     35    37 -6496694.7463  4573  3572591.0000 -6529225.0000    24754  282.76%
     36    38 -6465236.3977  4558  3572591.0000 -6529225.0000    24834  282.76%
     37    39 -6432588.8183  4540  3572591.0000 -6529225.0000    25436  282.76%
     38    40 -6431527.6216  4537  3572591.0000 -6529225.0000    25526  282.76%
*    39+   39                      3205378.0000 -6529148.7965           303.69%
     39    41 -6528947.4099  4580  3205378.0000 -6529148.7965    25671  303.69%
     40    42 -6465585.9262  4553  3205378.0000 -6529148.7965    25965  303.69%
     41    43 -6434087.8678  4533  3205378.0000 -6529148.7965    26487  303.69%
     42    44 -6464372.9832  4537  3205378.0000 -6529148.7965    26537  303.69%
Elapsed time = 311.66 sec. (152796.96 ticks, tree = 0.01 MB, solutions = 1)
     43    45 -6399707.2117  4529  3205378.0000 -6529148.7965    26794  303.69%
     45    47 -6496561.1595  4571  3205378.0000 -6529148.7965    27250  303.69%
     46    48 -6465101.3398  4559  3205378.0000 -6529148.7965    27332  303.69%
     47    49 -6434743.5607  4537  3205378.0000 -6529148.7965    27887  303.69%
     48    50 -6431318.9131  4541  3205378.0000 -6529148.7965    27970  303.69%
     50    52 -6463717.0106  4547  3205378.0000 -6529148.7965    28678  303.69%
     51    53 -6464218.4340  4544  3205378.0000 -6529148.7965    28745  303.69%
     52    54 -6399243.0542  4539  3205378.0000 -6529148.7965    29064  303.69%
     54    56 -6431570.3771  4537  3205378.0000 -6529148.7965    30158  303.69%
     55    57 -6431049.6885  4539  3205378.0000 -6529148.7965    30221  303.69%
Elapsed time = 323.16 sec. (160730.87 ticks, tree = 0.01 MB, solutions = 1)
     57    59 -6399622.6430  4536  3205378.0000 -6529148.7965    30676  303.69%
     59    61 -6432101.1824  4544  3205378.0000 -6529148.7965    31651  303.69%
     60    62 -6528808.8149  4578  3205378.0000 -6529148.7965    31685  303.69%
     61    63 -6496320.9118  4570  3205378.0000 -6529148.7965    31775  303.69%
*    62+   62                      3186342.0000 -6529148.7965           304.91%
     62    64 -6432237.9459  4547  3186342.0000 -6529148.7965    32283  304.91%
     63    65 -6464090.0026  4544  3186342.0000 -6529148.7965    32361  304.91%
     64    66 -6430896.0638  4546  3186342.0000 -6529148.7965    32444  304.91%
     65    67 -6402885.6294  4540  3186342.0000 -6529148.7965    33225  304.91%
     66    68 -6500018.1714  4553  3186342.0000 -6529148.7965    33621  304.91%
     67    69 -6464498.9205  4542  3186342.0000 -6529148.7965    34169  304.91%
Elapsed time = 575.94 sec. (176246.55 ticks, tree = 0.01 MB, solutions = 2)
     70    72 -6432016.0326  4540  3186342.0000 -6529148.7965    35575  304.91%
     72    74 -6496108.4100  4571  3186342.0000 -6529148.7965    35809  304.91%
     73    75 -6464017.3342  4543  3186342.0000 -6529148.7965    35832  304.91%
     74    76 -6430709.0737  4552  3186342.0000 -6529148.7965    35951  304.91%
     75    77 -6399150.7549  4524  3186342.0000 -6529148.7965    36386  304.91%
     76    78 -6499573.7288  4561  3186342.0000 -6529148.7965    36453  304.91%
     77    79 -6464171.4126  4550  3186342.0000 -6529148.7965    37120  304.91%
     78    80 -6434405.3361  4546  3186342.0000 -6529148.7965    37664  304.91%
     79    81 -6398265.9059  4532  3186342.0000 -6529148.7965    38164  304.91%
     80    82 -6398869.9204  4531  3186342.0000 -6529148.7965    38446  304.91%
Elapsed time = 575.95 sec. (191233.09 ticks, tree = 0.01 MB, solutions = 2)
     85    87 -6367359.7272  4527  3186342.0000 -6529148.7965    39326  304.91%
     88    90 -6402612.1821  4527  3186342.0000 -6529148.7965    40137  304.91%
     90    92 -6398671.6799  4530  3186342.0000 -6529148.7965    40595  304.91%
     93    95 -6433931.7531  4543  3186342.0000 -6529148.7965    40770  304.91%
     94    96 -6430448.1473  4548  3186342.0000 -6529148.7965    40794  304.91%
     95    97 -6366654.0003  4528  3186342.0000 -6529148.7965    41298  304.91%
     98   100 -6401896.2770  4532  3186342.0000 -6529148.7965    41832  304.91%
     99   101 -6400844.4362  4536  3186342.0000 -6529148.7965    42251  304.91%
    100   102 -6366406.5296  4525  3186342.0000 -6529148.7965    42288  304.91%
    103   105 -6401662.3282  4540  3186342.0000 -6529148.7965    43060  304.91%
Elapsed time = 575.95 sec. (200016.92 ticks, tree = 0.01 MB, solutions = 2)
    105   107 -6335243.0865  4515  3186342.0000 -6529148.7965    43523  304.91%
    108   110 -6370463.8514  4529  3186342.0000 -6529148.7965    44145  304.91%
    110   112 -6334939.7908  4535  3186342.0000 -6529148.7965    44730  304.91%
    113   115 -6370282.0718  4533  3186342.0000 -6529148.7965    45898  304.91%
    114   116 -6400535.5175  4524  3186342.0000 -6529148.7965    45954  304.91%
    115   117 -6303250.3665  4503  3186342.0000 -6529148.7965    46597  304.91%
    116   118 -6466233.8700  4555  3186342.0000 -6529148.7965    46678  304.91%
    118   120 -6337886.3917  4511  3186342.0000 -6529148.7965    47273  304.91%
    119   121 -6368617.1316  4522  3186342.0000 -6529148.7965    47683  304.91%
    120   122 -6466102.8809  4554  3186342.0000 -6529148.7965    47708  304.91%
Elapsed time = 575.95 sec. (201316.29 ticks, tree = 0.01 MB, solutions = 2)
    122   124 -6370100.2031  4533  3186342.0000 -6529148.7965    48247  304.91%
    124   126 -6433459.6654  4540  3186342.0000 -6529148.7965    48373  304.91%
    125   127 -6337474.4026  4493  3186342.0000 -6529148.7965    49125  304.91%
    126   128 -6465753.0795  4554  3186342.0000 -6529148.7965    49225  304.91%
    127   129 -6401151.3621  4528  3186342.0000 -6529148.7965    49618  304.91%
    128   130 -6465646.2273  4554  3186342.0000 -6529148.7965    49655  304.91%
    129   131 -6433148.2022  4546  3186342.0000 -6529148.7965    49750  304.91%
    130   132 -6465497.8938  4545  3186342.0000 -6529148.7965    49805  304.91%
    131   133 -6401872.6293  4526  3186342.0000 -6529148.7965    50351  304.91%
    133   135 -6432956.8495  4538  3186342.0000 -6529148.7965    50697  304.91%
Elapsed time = 575.95 sec. (207909.68 ticks, tree = 0.01 MB, solutions = 2)
    134   136 -6465294.1013  4548  3186342.0000 -6529148.7965    50729  304.91%
    135   137 -6435716.2209  4540  3186342.0000 -6529148.7965    51170  304.91%
    136   138 -6401871.3594  4526  3186342.0000 -6529148.7965    51207  304.91%
    137   139 -6464860.1644  4558  3186342.0000 -6529148.7965    51248  304.91%
    138   140 -6369905.5148  4535  3186342.0000 -6529148.7965    51322  304.91%
    139   141 -6400343.8615  4525  3186342.0000 -6529148.7965    51371  304.91%
    140   142 -6334744.0851  4527  3186342.0000 -6529148.7965    51453  304.91%
    141   143 -6435420.5576  4551  3186342.0000 -6529148.7965    51590  304.91%
    142   144 -6401844.8633  4528  3186342.0000 -6529148.7965    51623  304.91%
    143   145 -6433005.0821  4554  3186342.0000 -6529148.7965    52131  304.91%
Elapsed time = 595.53 sec. (337187.11 ticks, tree = 0.01 MB, solutions = 3)
    150   152 -6337832.2175  4517  3186342.0000 -6529148.7965    53662  304.91%
    153   155 -6403213.3197  4516  3186342.0000 -6529148.7965    54213  304.91%
    155   157 -6432712.9334  4551  3186342.0000 -6529148.7965    54765  304.91%
    156   158 -6305667.2810  4509  3186342.0000 -6529148.7965    55540  304.91%
    159   161 -6402972.5969  4518  3186342.0000 -6529148.7965    56093  304.91%
    161   163 -6432514.4174  4545  3186342.0000 -6529148.7965    56242  304.91%
    162   164 -6337819.3919  4512  3186342.0000 -6529148.7965    56344  304.91%
    165   167 -6371831.7287  4517  3186342.0000 -6529148.7965    57164  304.91%
    167   169 -6432206.0284  4552  3186342.0000 -6529148.7965    57289  304.91%
    168   170 -6337790.2801  4517  3186342.0000 -6529148.7965    57507  304.91%
Elapsed time = 652.47 sec. (354217.23 ticks, tree = 0.01 MB, solutions = 3)
    180   182 -6305858.8018  4510  3186342.0000 -6529148.7965    59955  304.91%
    186   188 -6337246.2546  4510  3186342.0000 -6529148.7965    60630  304.91%
    191   193 -6400511.2375  4525  3186342.0000 -6529148.7965    62303  304.91%
    192   194 -6305479.5882  4508  3186342.0000 -6529148.7965    62584  304.91%
    194   196 -6300946.8180  4519  3186342.0000 -6529148.7965    62667  304.91%
    197   199 -6400212.9288  4523  3186342.0000 -6529148.7965    62955  304.91%
    198   200 -6337125.9037  4510  3186342.0000 -6529148.7965    63006  304.91%
    200   202 -6268618.1281  4497  3186342.0000 -6529148.7965    63800  304.91%
    201   203 -6306924.1122  4499  3186342.0000 -6529148.7965    64701  304.91%
    203   205 -6399954.7232  4534  3186342.0000 -6529148.7965    65284  304.91%
Elapsed time = 734.70 sec. (379677.09 ticks, tree = 0.01 MB, solutions = 3)
    226   228 -6366616.4493  4519  3186342.0000 -6529148.7965    69189  304.91%
    253   255 -6272709.1979  4489  3186342.0000 -6529148.7965    75709  304.91%
    255   257 -6274819.2144  4488  3186342.0000 -6529148.7965    76843  304.91%
    260   262 -6301590.4912  4503  3186342.0000 -6529148.7965    78064  304.91%
    264   266 -6307456.9882  4495  3186342.0000 -6529148.7965    79013  304.91%
    265   267 -6304300.0357  4510  3186342.0000 -6529148.7965    79103  304.91%
    266   268 -6336351.6663  4510  3186342.0000 -6529148.7965    79158  304.91%
    267   269 -6366400.3613  4518  3186342.0000 -6529148.7965    79228  304.91%
    268   270 -6306985.0327  4508  3186342.0000 -6529148.7965    79243  304.91%
    269   271 -6333675.0423  4505  3186342.0000 -6529148.7965    79282  304.91%
Elapsed time = 756.81 sec. (387248.91 ticks, tree = 18.68 MB, solutions = 3)
    270   272 -6267858.5337  4506  3186342.0000 -6529148.7965    79769  304.91%
    271   273 -6272507.0372  4492  3186342.0000 -6529148.7965    80310  304.91%
    272   274 -6307056.4140  4492  3186342.0000 -6529148.7965    80831  304.91%
    273   275 -6334217.0259  4509  3186342.0000 -6529148.7965    81227  304.91%
    276   278 -6300422.8334  4507  3186342.0000 -6529148.7965    81358  304.91%
    277   279 -6304173.4836  4507  3186342.0000 -6529148.7965    81397  304.91%
    278   280 -6336203.9668  4509  3186342.0000 -6529148.7965    81433  304.91%
    279   281 -6366157.0366  4520  3186342.0000 -6529148.7965    81472  304.91%
    282   284 -6271421.1091  4494  3186342.0000 -6529148.7965    82090  304.91%
    283   285 -6303932.4734  4500  3186342.0000 -6529148.7965    82150  304.91%
Elapsed time = 799.55 sec. (396798.29 ticks, tree = 18.68 MB, solutions = 3)
    288   290 -6300309.6614  4511  3186342.0000 -6529148.7965    82748  304.91%
    294   296 -6270731.0958  4491  3186342.0000 -6529148.7965    83348  304.91%
    296   298 -6303344.7304  4488  3186342.0000 -6529148.7965    83453  304.91%
    300   302 -6300187.5056  4511  3186342.0000 -6529148.7965    83835  304.91%
    302   304 -6271013.4284  4470  3186342.0000 -6529148.7965    84377  304.91%
    306   308 -6267156.8796  4500  3186342.0000 -6529148.7965    85887  304.91%
    307   309 -6274413.6840  4501  3186342.0000 -6529148.7965    86475  304.91%
    308   310 -6303094.9567  4487  3186342.0000 -6529148.7965    86539  304.91%
    312   314 -6267127.5395  4494  3186342.0000 -6529148.7965    86824  304.91%
    313   315 -6274163.8735  4484  3186342.0000 -6529148.7965    87048  304.91%
Elapsed time = 824.20 sec. (407085.79 ticks, tree = 18.68 MB, solutions = 3)
    326   328 -6270504.9406  4488  3186342.0000 -6529148.7965    89416  304.91%
    329   331 -6267084.9756  4489  3186342.0000 -6529148.7965    90102  304.91%
    330   332 -6233706.9975  4470  3186342.0000 -6529148.7965    90506  304.91%
    332   334 -6302720.2758  4492  3186342.0000 -6529148.7965    90664  304.91%
    335   337 -6299136.0952  4503  3186342.0000 -6529148.7965    90836  304.91%
    336   338 -6266820.0453  4487  3186342.0000 -6529148.7965    90867  304.91%
    337   339 -6273340.2116  4495  3186342.0000 -6529148.7965    90969  304.91%
    338   340 -6270845.3571  4480  3186342.0000 -6529148.7965    91402  304.91%
    341   343 -6266883.6981  4500  3186342.0000 -6529148.7965    92316  304.91%
    342   344 -6234276.0116  4481  3186342.0000 -6529148.7965    92851  304.91%
Elapsed time = 862.80 sec. (417883.55 ticks, tree = 18.68 MB, solutions = 3)
    350   352 -6273143.9629  4467  3186342.0000 -6529148.7965    93615  304.91%
    353   355 -6266840.0865  4495  3186342.0000 -6529148.7965    94585  304.91%
    354   356 -6233291.3154  4481  3186342.0000 -6529148.7965    94992  304.91%
    356   358 -6302449.7505  4492  3186342.0000 -6529148.7965    95068  304.91%
    359   361 -6266598.5762  4488  3186342.0000 -6529148.7965    95286  304.91%
    360   362 -6266540.7889  4481  3186342.0000 -6529148.7965    95303  304.91%
    362   364 -6273559.0117  4465  3186342.0000 -6529148.7965    95694  304.91%
    365   367 -6266407.1780  4485  3186342.0000 -6529148.7965    96668  304.91%
    366   368 -6234586.4017  4480  3186342.0000 -6529148.7965    97212  304.91%
    368   370 -6302226.5412  4485  3186342.0000 -6529148.7965    97668  304.91%
Elapsed time = 890.69 sec. (427080.60 ticks, tree = 18.68 MB, solutions = 3)
    377   379 -6234319.6389  4484  3186342.0000 -6529148.7965    99246  304.91%
    378   380 -6233537.8926  4477  3186342.0000 -6529148.7965    99810  304.91%
    380   382 -6269896.4895  4485  3186342.0000 -6529148.7965    99905  304.91%
    383   385 -6234076.3640  4486  3186342.0000 -6529148.7965   100031  304.91%
    385   387 -6269651.2559  4487  3186342.0000 -6529148.7965   100085  304.91%
    388   390 -6202613.2891  4457  3186342.0000 -6529148.7965   100882  304.91%
    390   392 -6238195.8311  4461  3186342.0000 -6529148.7965   101307  304.91%
    400   402 -6305428.3790  4497  3186342.0000 -6529148.7965   103439  304.91%
    403   405 -6305178.3061  4505  3186342.0000 -6529148.7965   103647  304.91%
    404   406 -6175378.7049  4448  3186342.0000 -6529148.7965   104395  304.91%
Elapsed time = 912.78 sec. (434898.10 ticks, tree = 18.68 MB, solutions = 3)
    413   415 -6209110.6149  4463  3186342.0000 -6529148.7965   106024  304.91%
    416   418 -6178931.9548  4445  3186342.0000 -6529148.7965   106594  304.91%
    417   419 -6201350.6526  4458  3186342.0000 -6529148.7965   107089  304.91%
    418   420 -6232671.4584  4480  3186342.0000 -6529148.7965   107568  304.91%
    419   421 -6179810.5112  4450  3186342.0000 -6529148.7965   107988  304.91%
    422   424 -6207724.4308  4463  3186342.0000 -6529148.7965   108207  304.91%
    423   425 -6233751.2712  4482  3186342.0000 -6529148.7965   108270  304.91%
    424   426 -6266345.8107  4487  3186342.0000 -6529148.7965   108328  304.91%
    425   427 -6209002.4621  4465  3186342.0000 -6529148.7965   108563  304.91%
    426   428 -6268782.1101  4481  3186342.0000 -6529148.7965   108594  304.91%
Elapsed time = 941.36 sec. (439062.61 ticks, tree = 40.04 MB, solutions = 3)
    428   430 -6207629.4553  4467  3186342.0000 -6529148.7965   108725  304.91%
    429   431 -6201391.1513  4467  3186342.0000 -6529148.7965   109319  304.91%
    430   432 -6232593.4499  4471  3186342.0000 -6529148.7965   109732  304.91%
    431   433 -6176040.4646  4446  3186342.0000 -6529148.7965   110458  304.91%
    434   436 -6174601.4172  4452  3186342.0000 -6529148.7965   111402  304.91%
    435   437 -6233628.5536  4478  3186342.0000 -6529148.7965   111461  304.91%
    436   438 -6266235.6259  4492  3186342.0000 -6529148.7965   111509  304.91%
    437   439 -6176010.1788  4445  3186342.0000 -6529148.7965   111516  304.91%
    440   442 -6174571.0801  4448  3186342.0000 -6529148.7965   111680  304.91%
    441   443 -6201000.0709  4469  3186342.0000 -6529148.7965   112286  304.91%
Elapsed time = 974.22 sec. (454722.62 ticks, tree = 40.04 MB, solutions = 3)
    448   450 -6266099.1742  4492  3186342.0000 -6529148.7965   113285  304.91%
    451   453 -6271077.9549  4497  3186342.0000 -6529148.7965   114450  304.91%
    453   455 -6168280.1901  4462  3186342.0000 -6529148.7965   115170  304.91%
    454   456 -6232840.2506  4488  3186342.0000 -6529148.7965   115626  304.91%
    455   457 -6175835.7944  4448  3186342.0000 -6529148.7965   115669  304.91%
    458   460 -6200546.5170  4463  3186342.0000 -6529148.7965   116558  304.91%
    459   461 -6175713.9978  4439  3186342.0000 -6529148.7965   116606  304.91%
    461   463 -6173970.2586  4451  3186342.0000 -6529148.7965   116906  304.91%
    462   464 -6168912.4228  4452  3186342.0000 -6529148.7965   117539  304.91%
    463   465 -6175642.9076  4445  3186342.0000 -6529148.7965   117691  304.91%
Elapsed time = 1130.86 sec. (461785.41 ticks, tree = 40.04 MB, solutions = 3)
    466   468 -6200317.2443  4470  3186342.0000 -6529148.7965   118393  304.91%
    469   471 -6173723.0636  4452  3186342.0000 -6529148.7965   118578  304.91%
    470   472 -6167806.9494  4463  3186342.0000 -6529148.7965   119128  304.91%
    473   475 -6141913.7558  4432  3186342.0000 -6529148.7965   119778  304.91%
    474   476 -6200126.8824  4465  3186342.0000 -6529148.7965   119828  304.91%
    477   479 -6173474.0972  4454  3186342.0000 -6529148.7965   120042  304.91%
    478   480 -6167912.2730  4451  3186342.0000 -6529148.7965   120581  304.91%
    479   481 -6141595.5385  4437  3186342.0000 -6529148.7965   120961  304.91%
    481   483 -6141823.9984  4438  3186342.0000 -6529148.7965   121541  304.91%
    482   484 -6199935.2232  4466  3186342.0000 -6529148.7965   121590  304.91%
Elapsed time = 1130.86 sec. (480315.11 ticks, tree = 40.04 MB, solutions = 3)
    486   488 -6167853.8357  4457  3186342.0000 -6529148.7965   122271  304.91%
    490   492 -6199798.1403  4464  3186342.0000 -6529148.7965   123327  304.91%
    494   496 -6167464.9621  4456  3186342.0000 -6529148.7965   124498  304.91%
    497   499 -6140781.9615  4441  3186342.0000 -6529148.7965   125913  304.91%
    503   505 -6203645.4171  4450  3186342.0000 -6529148.7965   126524  304.91%
    504   506 -6141533.1857  4444  3186342.0000 -6529148.7965   126916  304.91%
    505   507 -6174770.0434  4447  3186342.0000 -6529148.7965   127011  304.91%
    506   508 -6140726.7273  4432  3186342.0000 -6529148.7965   127966  304.91%
    507   509 -6203540.0569  4449  3186342.0000 -6529148.7965   128038  304.91%
    508   510 -6270830.6962  4493  3186342.0000 -6529148.7965   128063  304.91%
Elapsed time = 1157.59 sec. (528578.11 ticks, tree = 55.04 MB, solutions = 3)
    512   514 -6174724.2688  4448  3186342.0000 -6529148.7965   128298  304.91%
    514   516 -6239508.5861  4479  3186342.0000 -6529148.7965   128760  304.91%
    515   517 -6140972.1133  4430  3186342.0000 -6529148.7965   129440  304.91%
    516   518 -6167095.1686  4448  3186342.0000 -6529148.7965   130001  304.91%
    517   519 -6231756.0944  4482  3186342.0000 -6529148.7965   130413  304.91%
    518   520 -6140625.5905  4423  3186342.0000 -6529148.7965   131232  304.91%
    520   522 -6239375.7452  4479  3186342.0000 -6529148.7965   131298  304.91%
    521   523 -6172946.6551  4443  3186342.0000 -6529148.7965   131383  304.91%
    522   524 -6166900.0181  4443  3186342.0000 -6529148.7965   131420  304.91%
    523   525 -6265988.4238  4501  3186342.0000 -6529148.7965   131495  304.91%
Elapsed time = 1181.11 sec. (533696.23 ticks, tree = 55.04 MB, solutions = 3)
    524   526 -6174544.2572  4442  3186342.0000 -6529148.7965   131543  304.91%
    530   532 -6142342.9332  4436  3186342.0000 -6529148.7965   132334  304.91%
    536   538 -6174305.9002  4447  3186342.0000 -6529148.7965   133228  304.91%
    540   542 -6166235.9059  4440  3186342.0000 -6529148.7965   133477  304.91%
    542   544 -6142472.0248  4433  3186342.0000 -6529148.7965   133939  304.91%
    545   547 -6172565.1428  4447  3186342.0000 -6529148.7965   134193  304.91%
    546   548 -6165988.7193  4439  3186342.0000 -6529148.7965   134275  304.91%
    548   550 -6174119.7167  4447  3186342.0000 -6529148.7965   134386  304.91%
    551   553 -6172387.4810  4447  3186342.0000 -6529148.7965   134568  304.91%
    552   554 -6165858.7631  4436  3186342.0000 -6529148.7965   134636  304.91%
Elapsed time = 1209.81 sec. (539822.15 ticks, tree = 55.04 MB, solutions = 3)
    554   556 -6141645.8211  4430  3186342.0000 -6529148.7965   135288  304.91%
    560   562 -6174116.3534  4446  3186342.0000 -6529148.7965   136042  304.91%
    566   568 -6173947.9079  4438  3186342.0000 -6529148.7965   136449  304.91%
    567   569 -6138655.9723  4427  3186342.0000 -6529148.7965   136997  304.91%
    570   572 -6136456.6634  4428  3186342.0000 -6529148.7965   137662  304.91%
    572   574 -6141544.6674  4435  3186342.0000 -6529148.7965   138481  304.91%
    573   575 -6138522.9422  4429  3186342.0000 -6529148.7965   138532  304.91%
    576   578 -6136257.9548  4429  3186342.0000 -6529148.7965   138785  304.91%
    578   580 -6173766.5115  4441  3186342.0000 -6529148.7965   138850  304.91%
    579   581 -6138290.7383  4437  3186342.0000 -6529148.7965   139029  304.91%
Elapsed time = 1262.42 sec. (547727.35 ticks, tree = 55.04 MB, solutions = 3)
    582   584 -6104182.9372  4410  3186342.0000 -6529148.7965   139632  304.91%
    584   586 -6141408.6317  4434  3186342.0000 -6529148.7965   140062  304.91%
    588   590 -6136059.6836  4432  3186342.0000 -6529148.7965   140294  304.91%
    590   592 -6173598.9453  4434  3186342.0000 -6529148.7965   140763  304.91%
    591   593 -6105881.7216  4419  3186342.0000 -6529148.7965   141644  304.91%
    594   596 -6103737.5589  4417  3186342.0000 -6529148.7965   142450  304.91%
    596   598 -6140831.0486  4433  3186342.0000 -6529148.7965   143100  304.91%
    597   599 -6137979.1863  4435  3186342.0000 -6529148.7965   143177  304.91%
    600   602 -6103542.1620  4424  3186342.0000 -6529148.7965   143681  304.91%
    602   604 -6173417.1659  4437  3186342.0000 -6529148.7965   143825  304.91%
Elapsed time = 1300.81 sec. (578463.72 ticks, tree = 55.04 MB, solutions = 3)
    608   610 -6140776.9073  4421  3186342.0000 -6529148.7965   145992  304.91%
    627   629 -6071182.1041  4395  3186342.0000 -6529148.7965   151942  304.91%
    665   667 -6104179.2343  4435  3186342.0000 -6529148.7965   159713  304.91%
    668   670 -6196508.8679  4475  3186342.0000 -6529148.7965   160284  304.91%
    677   679 -6173411.4924  4439  3186342.0000 -6529148.7965   161937  304.91%
    678   680 -6136405.3669  4450  3186342.0000 -6529148.7965   162037  304.91%
    679   681 -6201764.8529  4467  3186342.0000 -6529148.7965   162107  304.91%
    680   682 -6136631.3179  4437  3186342.0000 -6529148.7965   162212  304.91%
    681   683 -6102906.0952  4423  3186342.0000 -6529148.7965   162264  304.91%
    682   684 -6228435.2430  4490  3186342.0000 -6529148.7965   162309  304.91%
Elapsed time = 1321.88 sec. (589177.68 ticks, tree = 81.54 MB, solutions = 3)
    684   686 -6104919.0346  4427  3186342.0000 -6529148.7965   162959  304.91%
    685   687 -6169383.3699  4448  3186342.0000 -6529148.7965   163391  304.91%
    687   689 -6071064.3430  4391  3186342.0000 -6529148.7965   164351  304.91%
    690   692 -6136212.1461  4445  3186342.0000 -6529148.7965   164483  304.91%
    691   693 -6201577.8844  4470  3186342.0000 -6529148.7965   164569  304.91%
    693   695 -6102712.0571  4420  3186342.0000 -6529148.7965   164734  304.91%
    696   698 -6104289.2809  4422  3186342.0000 -6529148.7965   165609  304.91%
    697   699 -6201408.8397  4468  3186342.0000 -6529148.7965   165678  304.91%
    698   700 -6104282.2373  4426  3186342.0000 -6529148.7965   166155  304.91%
    699   701 -6071051.4155  4394  3186342.0000 -6529148.7965   167104  304.91%
Elapsed time = 1386.25 sec. (608361.94 ticks, tree = 81.54 MB, solutions = 3)
    726   728 -6135609.1517  4450  3186342.0000 -6529148.7965   171984  304.91%
    732   734 -6104106.0399  4423  3186342.0000 -6529148.7965   173437  304.91%
    738   740 -6103917.2236  4428  3186342.0000 -6529148.7965   174325  304.91%
    744   746 -6071936.7144  4398  3186342.0000 -6529148.7965   175961  304.91%
    747   749 -6068775.2030  4411  3186342.0000 -6529148.7965   177325  304.91%
    750   752 -6103718.4924  4420  3186342.0000 -6529148.7965   177567  304.91%
    753   755 -6068748.8233  4409  3186342.0000 -6529148.7965   177643  304.91%
    755   757 -6139205.0778  4426  3186342.0000 -6529148.7965   178104  304.91%
    756   758 -6071701.0628  4398  3186342.0000 -6529148.7965   178667  304.91%
    757   759 -6134039.7482  4436  3186342.0000 -6529148.7965   179230  304.91%
Elapsed time = 1458.72 sec. (613048.38 ticks, tree = 81.54 MB, solutions = 3)
    759   761 -6068717.8782  4406  3186342.0000 -6529148.7965   179529  304.91%
    761   763 -6107221.9591  4411  3186342.0000 -6529148.7965   180178  304.91%
    762   764 -6103499.7451  4423  3186342.0000 -6529148.7965   180277  304.91%
    765   767 -6068463.5702  4406  3186342.0000 -6529148.7965   180969  304.91%
    767   769 -6139017.7496  4428  3186342.0000 -6529148.7965   181625  304.91%
    768   770 -6071696.1697  4395  3186342.0000 -6529148.7965   182409  304.91%
    769   771 -6133324.7998  4427  3186342.0000 -6529148.7965   183149  304.91%
    771   773 -6068153.4029  4411  3186342.0000 -6529148.7965   183321  304.91%
    773   775 -6106439.1184  4424  3186342.0000 -6529148.7965   183785  304.91%
    774   776 -6103315.9448  4424  3186342.0000 -6529148.7965   183863  304.91%
Elapsed time = 1489.30 sec. (639705.20 ticks, tree = 81.54 MB, solutions = 3)
    780   782 -6071163.3808  4406  3186342.0000 -6529148.7965   186223  304.91%
    817   819 -6134254.9780  4438  3186342.0000 -6529148.7965   194724  304.91%
    820   822 -6106040.6598  4405  3186342.0000 -6529148.7965   195713  304.91%
    821   823 -6132641.5696  4448  3186342.0000 -6529148.7965   196307  304.91%
    822   824 -6101462.3756  4424  3186342.0000 -6529148.7965   196886  304.91%
    825   827 -6138094.8758  4434  3186342.0000 -6529148.7965   197192  304.91%
    831   833 -6193212.7028  4469  3186342.0000 -6529148.7965   198616  304.91%
    836   838 -6065562.4670  4412  3186342.0000 -6529148.7965   199105  304.91%
    837   839 -6065375.4983  4410  3186342.0000 -6529148.7965   199258  304.91%
    838   840 -6104867.2991  4422  3186342.0000 -6529148.7965   199731  304.91%
Elapsed time = 1530.44 sec. (653441.89 ticks, tree = 105.98 MB, solutions = 3)
    850   852 -6105364.8946  4411  3186342.0000 -6529148.7965   203172  304.91%
    856   858 -6137914.0646  4428  3186342.0000 -6529148.7965   203756  304.91%
    857   859 -6070667.4116  4393  3186342.0000 -6529148.7965   204176  304.91%
    859   861 -6133762.4285  4439  3186342.0000 -6529148.7965   204473  304.91%
    861   863 -6193847.5511  4460  3186342.0000 -6529148.7965   205045  304.91%
    862   864 -6137792.2728  4429  3186342.0000 -6529148.7965   205115  304.91%
    863   865 -6070499.4318  4404  3186342.0000 -6529148.7965   205304  304.91%
    865   867 -6133695.9316  4437  3186342.0000 -6529148.7965   205429  304.91%
    867   869 -6226132.4392  4476  3186342.0000 -6529148.7965   205924  304.91%
    868   870 -6137590.6159  4426  3186342.0000 -6529148.7965   206082  304.91%
Elapsed time = 1570.11 sec. (665277.51 ticks, tree = 105.98 MB, solutions = 3)
    869   871 -6038007.0893  4389  3186342.0000 -6529148.7965   206909  304.91%
    875   877 -6070314.4409  4402  3186342.0000 -6529148.7965   207793  304.91%
    881   883 -6038415.6860  4371  3186342.0000 -6529148.7965   209203  304.91%
    885   887 -6193236.3470  4465  3186342.0000 -6529148.7965   209820  304.91%
    887   889 -6070195.0624  4402  3186342.0000 -6529148.7965   209921  304.91%
    891   893 -6225831.5884  4476  3186342.0000 -6529148.7965   210559  304.91%
    893   895 -6040604.7096  4377  3186342.0000 -6529148.7965   211531  304.91%
    896   898 -6030361.2426  4375  3186342.0000 -6529148.7965   211770  304.91%
    897   899 -6193356.6613  4457  3186342.0000 -6529148.7965   212096  304.91%
    899   901 -6070073.4366  4395  3186342.0000 -6529148.7965   212181  304.91%
Elapsed time = 1738.24 sec. (688834.24 ticks, tree = 105.98 MB, solutions = 3)
    904   906 -6040358.8309  4386  3186342.0000 -6529148.7965   213676  304.91%
    909   911 -6069951.6171  4389  3186342.0000 -6529148.7965   214280  304.91%
    911   913 -6132782.9571  4444  3186342.0000 -6529148.7965   214754  304.91%
    914   916 -6040964.8501  4383  3186342.0000 -6529148.7965   216137  304.91%
    915   917 -6163958.8102  4438  3186342.0000 -6529148.7965   216214  304.91%
    922   924 -6225306.2520  4473  3186342.0000 -6529148.7965   218112  304.91%
    924   926 -6192991.6566  4462  3186342.0000 -6529148.7965   218834  304.91%
    926   928 -6225188.8953  4477  3186342.0000 -6529148.7965   219386  304.91%
    928   930 -6192434.3941  4469  3186342.0000 -6529148.7965   220078  304.91%
    930   932 -6225076.8828  4477  3186342.0000 -6529148.7965   220688  304.91%
Elapsed time = 1750.99 sec. (704006.20 ticks, tree = 105.98 MB, solutions = 3)
    936   938 -6192168.2755  4462  3186342.0000 -6529148.7965   222248  304.91%
    942   944 -6101707.3028  4412  3186342.0000 -6529148.7965   223588  304.91%
    943   945 -6134363.5920  4439  3186342.0000 -6529148.7965   223650  304.91%
    944   946 -6069800.1468  4389  3186342.0000 -6529148.7965   223825  304.91%
    945   947 -6131940.2742  4428  3186342.0000 -6529148.7965   224310  304.91%
    946   948 -6100010.6216  4423  3186342.0000 -6529148.7965   224807  304.91%
    947   949 -6030307.1116  4380  3186342.0000 -6529148.7965   224873  304.91%
    948   950 -6224783.7790  4467  3186342.0000 -6529148.7965   224924  304.91%
    949   951 -6101616.7524  4413  3186342.0000 -6529148.7965   225531  304.91%
    950   952 -6037516.8379  4377  3186342.0000 -6529148.7965   226620  304.91%
Elapsed time = 1788.77 sec. (739848.89 ticks, tree = 121.81 MB, solutions = 3)
    962   964 -6036679.4084  4376  3186342.0000 -6529148.7965   229500  304.91%
    968   970 -6069580.4642  4391  3186342.0000 -6529148.7965   230184  304.91%
    974   976 -6037113.3687  4364  3186342.0000 -6529148.7965   231425  304.91%
    980   982 -6069454.6269  4401  3186342.0000 -6529148.7965   232125  304.91%
    982   984 -6132102.1932  4439  3186342.0000 -6529148.7965   232312  304.91%
    986   988 -6036828.2889  4384  3186342.0000 -6529148.7965   233498  304.91%
    988   990 -6131871.3922  4441  3186342.0000 -6529148.7965   233630  304.91%
    990   992 -6192235.9437  4459  3186342.0000 -6529148.7965   234042  304.91%
    992   994 -6069331.5739  4400  3186342.0000 -6529148.7965   234125  304.91%
    994   996 -6131773.3228  4440  3186342.0000 -6529148.7965   234276  304.91%
Elapsed time = 1886.06 sec. (746643.32 ticks, tree = 121.81 MB, solutions = 3)
    998  1000 -6037083.5512  4377  3186342.0000 -6529148.7965   235331  304.91%
   1001  1003 -6028949.7847  4377  3186342.0000 -6529148.7965   235614  304.91%
   1004  1006 -6036859.9155  4381  3186342.0000 -6529148.7965   236255  304.91%
   1009  1011 -6036542.5033  4377  3186342.0000 -6529148.7965   237050  304.91%
   1012  1014 -6191439.8503  4450  3186342.0000 -6529148.7965   237606  304.91%
   1014  1016 -6036319.5741  4380  3186342.0000 -6529148.7965   237960  304.91%
   1017  1019 -6223703.8917  4466  3186342.0000 -6529148.7965   238144  304.91%
   1019  1021 -6036125.1045  4378  3186342.0000 -6529148.7965   238379  304.91%
   1021  1023 -6131296.3621  4432  3186342.0000 -6529148.7965   238604  304.91%
   1022  1024 -6191299.7349  4446  3186342.0000 -6529148.7965   239100  304.91%
Elapsed time = 2174.13 sec. (758877.44 ticks, tree = 121.81 MB, solutions = 3)
   1024  1026 -6035932.1491  4377  3186342.0000 -6529148.7965   239361  304.91%
   1029  1031 -6035799.9771  4376  3186342.0000 -6529148.7965   239795  304.91%
   1032  1034 -6190589.3856  4443  3186342.0000 -6529148.7965   240340  304.91%
   1034  1036 -6035660.0527  4376  3186342.0000 -6529148.7965   241011  304.91%
   1037  1039 -6223372.7218  4467  3186342.0000 -6529148.7965   241742  304.91%
   1039  1041 -6003199.8141  4361  3186342.0000 -6529148.7965   242329  304.91%
   1042  1044 -6191897.8855  4446  3186342.0000 -6529148.7965   243009  304.91%
   1043  1045 -6099582.3462  4388  3186342.0000 -6529148.7965   243721  304.91%
   1044  1046 -6003002.2744  4358  3186342.0000 -6529148.7965   243878  304.91%
   1046  1048 -6098252.6812  4411  3186342.0000 -6529148.7965   244458  304.91%
Elapsed time = 2174.13 sec. (764879.35 ticks, tree = 121.81 MB, solutions = 3)
   1047  1049 -6223159.9447  4464  3186342.0000 -6529148.7965   244501  304.91%
   1049  1051 -5971269.8544  4351  3186342.0000 -6529148.7965   245571  304.91%
   1050  1052 -6128314.0921  4418  3186342.0000 -6529148.7965   246050  304.91%
   1052  1054 -6191197.4455  4455  3186342.0000 -6529148.7965   246701  304.91%
   1053  1055 -6100304.7937  4409  3186342.0000 -6529148.7965   247307  304.91%
   1055  1057 -6223038.2919  4474  3186342.0000 -6529148.7965   247422  304.91%
   1056  1058 -6132072.2636  4432  3186342.0000 -6529148.7965   247501  304.91%
   1057  1059 -6097704.8002  4393  3186342.0000 -6529148.7965   248485  304.91%
   1058  1060 -6189939.4325  4452  3186342.0000 -6529148.7965   248852  304.91%
   1059  1061 -6099633.9845  4398  3186342.0000 -6529148.7965   249430  304.91%
Elapsed time = 2174.13 sec. (776697.59 ticks, tree = 121.81 MB, solutions = 3)
   1063  1065 -6098327.8679  4412  3186342.0000 -6529148.7965   250178  304.91%
   1064  1066 -6189975.4867  4454  3186342.0000 -6529148.7965   250547  304.91%
   1065  1067 -6099454.3791  4396  3186342.0000 -6529148.7965   251194  304.91%
   1066  1068 -6130274.1504  4430  3186342.0000 -6529148.7965   251275  304.91%
   1067  1069 -6222675.3368  4466  3186342.0000 -6529148.7965   251338  304.91%
   1068  1070 -6131838.9971  4427  3186342.0000 -6529148.7965   251368  304.91%
   1069  1071 -6097803.4977  4412  3186342.0000 -6529148.7965   251841  304.91%
   1070  1072 -6191338.5812  4462  3186342.0000 -6529148.7965   252313  304.91%
   1071  1073 -6098829.2349  4386  3186342.0000 -6529148.7965   252885  304.91%
   1072  1074 -6130217.0761  4425  3186342.0000 -6529148.7965   252916  304.91%
Elapsed time = 2174.13 sec. (786530.37 ticks, tree = 121.81 MB, solutions = 3)
   1076  1078 -6189772.0292  4460  3186342.0000 -6529148.7965   253649  304.91%
   1077  1079 -6099249.3525  4420  3186342.0000 -6529148.7965   254108  304.91%
   1078  1080 -6097597.8657  4419  3186342.0000 -6529148.7965   254661  304.91%
   1079  1081 -6222514.7746  4471  3186342.0000 -6529148.7965   254716  304.91%
   1080  1082 -6129855.3833  4424  3186342.0000 -6529148.7965   254785  304.91%
   1081  1083 -6189488.7039  4453  3186342.0000 -6529148.7965   255246  304.91%
   1082  1084 -6097420.2114  4402  3186342.0000 -6529148.7965   255735  304.91%
   1083  1085 -6131414.4444  4428  3186342.0000 -6529148.7965   255827  304.91%
   1084  1086 -6002800.6891  4359  3186342.0000 -6529148.7965   255980  304.91%
   1085  1087 -6161235.3942  4437  3186342.0000 -6529148.7965   256028  304.91%
Elapsed time = 2178.22 sec. (957204.22 ticks, tree = 143.14 MB, solutions = 3)
   1089  1091 -6099937.1945  4406  3186342.0000 -6529148.7965   256869  304.91%
   1092  1094 -6098162.6915  4396  3186342.0000 -6529148.7965   257825  304.91%
   1095  1097 -6131206.1013  4430  3186342.0000 -6529148.7965   258388  304.91%
   1098  1100 -6129425.4317  4425  3186342.0000 -6529148.7965   258883  304.91%
   1101  1103 -6131131.7990  4424  3186342.0000 -6529148.7965   258999  304.91%
   1102  1104 -5970915.5593  4339  3186342.0000 -6529148.7965   260372  304.91%
   1103  1105 -6160851.6223  4427  3186342.0000 -6529148.7965   260449  304.91%
   1104  1106 -6129171.7222  4422  3186342.0000 -6529148.7965   260488  304.91%
   1106  1108 -6189488.7263  4452  3186342.0000 -6529148.7965   260932  304.91%
   1107  1109 -6097939.6627  4400  3186342.0000 -6529148.7965   261619  304.91%
Elapsed time = 2237.55 sec. (971247.63 ticks, tree = 143.14 MB, solutions = 3)
   1108  1110 -6002261.4114  4361  3186342.0000 -6529148.7965   261693  304.91%
   1114  1116 -5972836.9650  4349  3186342.0000 -6529148.7965   262898  304.91%
   1119  1121 -6098704.5976  4398  3186342.0000 -6529148.7965   265033  304.91%
   1120  1122 -5972577.9882  4349  3186342.0000 -6529148.7965   265157  304.91%
   1125  1127 -6130819.3576  4422  3186342.0000 -6529148.7965   265421  304.91%
   1126  1128 -5941388.6698  4333  3186342.0000 -6529148.7965   266131  304.91%
   1131  1133 -6097895.2674  4390  3186342.0000 -6529148.7965   267440  304.91%
   1132  1134 -5972351.4552  4354  3186342.0000 -6529148.7965   267551  304.91%
   1136  1138 -6188575.0505  4461  3186342.0000 -6529148.7965   268421  304.91%
   1137  1139 -6130774.5411  4415  3186342.0000 -6529148.7965   268523  304.91%
Elapsed time = 2298.78 sec. (985199.23 ticks, tree = 143.14 MB, solutions = 3)
   1138  1140 -5940976.3247  4337  3186342.0000 -6529148.7965   268959  304.91%
   1144  1146 -5972134.2069  4347  3186342.0000 -6529148.7965   269813  304.91%
   1149  1151 -6098320.4626  4406  3186342.0000 -6529148.7965   271196  304.91%
   1150  1152 -5940284.9574  4327  3186342.0000 -6529148.7965   271624  304.91%
   1155  1157 -6130373.3098  4426  3186342.0000 -6529148.7965   272666  304.91%
   1156  1158 -5972005.6593  4351  3186342.0000 -6529148.7965   272689  304.91%
   1161  1163 -6098564.1277  4411  3186342.0000 -6529148.7965   273827  304.91%
   1162  1164 -5942589.3995  4333  3186342.0000 -6529148.7965   274266  304.91%
   1167  1169 -6130258.2152  4420  3186342.0000 -6529148.7965   274997  304.91%
   1168  1170 -5971882.3931  4350  3186342.0000 -6529148.7965   275045  304.91%
Elapsed time = 2341.34 sec. (1006319.32 ticks, tree = 143.14 MB, solutions = 3)
   1186  1188 -5939243.3591  4328  3186342.0000 -6529148.7965   279886  304.91%
   1192  1194 -5939045.9863  4329  3186342.0000 -6529148.7965   281224  304.91%
   1198  1200 -5938850.3786  4324  3186342.0000 -6529148.7965   282603  304.91%
   1204  1206 -5938654.2478  4328  3186342.0000 -6529148.7965   283417  304.91%
   1210  1212 -5938455.1705  4328  3186342.0000 -6529148.7965   284530  304.91%
   1216  1218 -5906239.9408  4325  3186342.0000 -6529148.7965   285692  304.91%
   1221  1223 -6097102.1369  4397  3186342.0000 -6529148.7965   287827  304.91%
   1222  1224 -5938216.4007  4330  3186342.0000 -6529148.7965   288020  304.91%
   1227  1229 -6129263.2218  4416  3186342.0000 -6529148.7965   288292  304.91%
   1228  1230 -5906404.1104  4321  3186342.0000 -6529148.7965   288914  304.91%
Elapsed time = 2422.24 sec. (1032265.37 ticks, tree = 143.14 MB, solutions = 3)
   1285  1287 -6128741.6017  4409  3186342.0000 -6529148.7965   304594  304.91%
   1288  1290 -6094941.9412  4403  3186342.0000 -6529148.7965   305788  304.91%
   1290  1292 -6154102.1586  4428  3186342.0000 -6529148.7965   306399  304.91%
   1291  1293 -6095854.3446  4395  3186342.0000 -6529148.7965   306966  304.91%
   1292  1294 -5906382.4776  4316  3186342.0000 -6529148.7965   307792  304.91%
   1293  1295 -6090460.8250  4397  3186342.0000 -6529148.7965   308711  304.91%
   1294  1296 -6127045.1299  4418  3186342.0000 -6529148.7965   308758  304.91%
   1295  1297 -5991356.8549  4344  3186342.0000 -6529148.7965   309871  304.91%
   1296  1298 -6186498.8482  4431  3186342.0000 -6529148.7965   309892  304.91%
   1297  1299 -6128618.2303  4396  3186342.0000 -6529148.7965   309945  304.91%
Elapsed time = 2466.14 sec. (1040912.76 ticks, tree = 173.41 MB, solutions = 3)
   1298  1300 -5937756.5036  4331  3186342.0000 -6529148.7965   310036  304.91%
   1299  1301 -6123707.0115  4418  3186342.0000 -6529148.7965   310072  304.91%
   1300  1302 -6094975.9766  4401  3186342.0000 -6529148.7965   310681  304.91%
   1301  1303 -6023861.5002  4346  3186342.0000 -6529148.7965   310716  304.91%
   1302  1304 -6154559.5239  4424  3186342.0000 -6529148.7965   311236  304.91%
   1304  1306 -5937580.1636  4335  3186342.0000 -6529148.7965   311575  304.91%
   1305  1307 -6091227.2112  4417  3186342.0000 -6529148.7965   312189  304.91%
   1306  1308 -6126974.0267  4419  3186342.0000 -6529148.7965   312233  304.91%
   1307  1309 -6023735.4210  4347  3186342.0000 -6529148.7965   312291  304.91%
   1308  1310 -6186406.5707  4436  3186342.0000 -6529148.7965   312325  304.91%
Elapsed time = 2484.50 sec. (1045878.26 ticks, tree = 173.41 MB, solutions = 3)
   1310  1312 -5937316.9753  4337  3186342.0000 -6529148.7965   312492  304.91%
   1311  1313 -6123509.8476  4421  3186342.0000 -6529148.7965   312627  304.91%
   1312  1314 -6126875.3305  4415  3186342.0000 -6529148.7965   312774  304.91%
   1314  1316 -6153287.5553  4430  3186342.0000 -6529148.7965   313536  304.91%
   1316  1318 -5905555.5434  4317  3186342.0000 -6529148.7965   314802  304.91%
   1317  1319 -6123382.5957  4418  3186342.0000 -6529148.7965   314857  304.91%
   1318  1320 -6093700.1509  4416  3186342.0000 -6529148.7965   315365  304.91%
   1320  1322 -6186223.3341  4434  3186342.0000 -6529148.7965   315601  304.91%
   1322  1324 -5937181.2089  4339  3186342.0000 -6529148.7965   315752  304.91%
   1323  1325 -6090889.8245  4403  3186342.0000 -6529148.7965   316157  304.91%
Elapsed time = 2509.08 sec. (1056194.81 ticks, tree = 173.41 MB, solutions = 3)
   1328  1330 -5904783.2933  4316  3186342.0000 -6529148.7965   318315  304.91%
   1334  1336 -5936983.1605  4340  3186342.0000 -6529148.7965   318738  304.91%
   1336  1338 -6061043.8974  4385  3186342.0000 -6529148.7965   319561  304.91%
   1340  1342 -5904602.5811  4330  3186342.0000 -6529148.7965   320340  304.91%
   1342  1344 -6093123.1556  4419  3186342.0000 -6529148.7965   320593  304.91%
   1346  1348 -5936788.6237  4332  3186342.0000 -6529148.7965   320943  304.91%
   1348  1350 -6093026.6462  4422  3186342.0000 -6529148.7965   321119  304.91%
   1352  1354 -5904407.6391  4324  3186342.0000 -6529148.7965   321866  304.91%
   1354  1356 -6059970.4876  4383  3186342.0000 -6529148.7965   322606  304.91%
   1355  1357 -5989791.9855  4332  3186342.0000 -6529148.7965   323748  304.91%
Elapsed time = 2572.86 sec. (1065214.59 ticks, tree = 173.41 MB, solutions = 3)
   1358  1360 -5936590.9276  4326  3186342.0000 -6529148.7965   324504  304.91%
   1360  1362 -6092962.1505  4421  3186342.0000 -6529148.7965   324587  304.91%
   1364  1366 -5904805.5305  4324  3186342.0000 -6529148.7965   326056  304.91%
   1366  1368 -6059577.3479  4388  3186342.0000 -6529148.7965   326753  304.91%
   1370  1372 -5904604.6084  4324  3186342.0000 -6529148.7965   327415  304.91%
   1372  1374 -6092859.5936  4422  3186342.0000 -6529148.7965   327973  304.91%
   1376  1378 -5872350.1911  4306  3186342.0000 -6529148.7965   328816  304.91%
   1378  1380 -6059886.9248  4400  3186342.0000 -6529148.7965   329484  304.91%
   1380  1382 -6152980.5318  4425  3186342.0000 -6529148.7965   329950  304.91%
   1381  1383 -6095041.5426  4395  3186342.0000 -6529148.7965   330584  304.91%
Elapsed time = 2622.14 sec. (1070770.66 ticks, tree = 173.41 MB, solutions = 3)
   1382  1384 -5904363.5477  4324  3186342.0000 -6529148.7965   330738  304.91%
   1384  1386 -6092728.0153  4421  3186342.0000 -6529148.7965   330863  304.91%
   1388  1390 -5872428.4403  4303  3186342.0000 -6529148.7965   331632  304.91%
   1390  1392 -6092539.9421  4420  3186342.0000 -6529148.7965   332207  304.91%
   1392  1394 -6153327.9466  4425  3186342.0000 -6529148.7965   332700  304.91%
   1393  1395 -6094042.6227  4391  3186342.0000 -6529148.7965   333314  304.91%
   1394  1396 -5904168.6752  4326  3186342.0000 -6529148.7965   333367  304.91%
   1396  1398 -6092411.8193  4412  3186342.0000 -6529148.7965   333475  304.91%
   1398  1400 -6185118.9983  4440  3186342.0000 -6529148.7965   333606  304.91%
   1399  1401 -6127122.6711  4418  3186342.0000 -6529148.7965   333708  304.91%
Elapsed time = 2645.06 sec. (1078156.19 ticks, tree = 173.41 MB, solutions = 3)
   1400  1402 -5872114.5540  4298  3186342.0000 -6529148.7965   334311  304.91%
   1402  1404 -6059660.0903  4387  3186342.0000 -6529148.7965   334960  304.91%
   1405  1407 -6095043.2768  4398  3186342.0000 -6529148.7965   335974  304.91%
   1406  1408 -5903962.2316  4325  3186342.0000 -6529148.7965   336082  304.91%
   1408  1410 -6092281.2123  4396  3186342.0000 -6529148.7965   336254  304.91%
   1411  1413 -6126934.3950  4415  3186342.0000 -6529148.7965   337624  304.91%
   1412  1414 -5871812.3179  4314  3186342.0000 -6529148.7965   338143  304.91%
   1414  1416 -6059196.6895  4384  3186342.0000 -6529148.7965   339432  304.91%
   1415  1417 -6021473.5686  4362  3186342.0000 -6529148.7965   339495  304.91%
   1417  1419 -6094567.7320  4386  3186342.0000 -6529148.7965   340454  304.91%
Elapsed time = 2683.33 sec. (1094532.16 ticks, tree = 173.41 MB, solutions = 3)
   1418  1420 -5903766.4015  4318  3186342.0000 -6529148.7965   340519  304.91%
   1420  1422 -6092217.6661  4411  3186342.0000 -6529148.7965   340684  304.91%
   1424  1426 -5871730.9828  4310  3186342.0000 -6529148.7965   341946  304.91%
   1426  1428 -6059074.6829  4379  3186342.0000 -6529148.7965   343713  304.91%
   1431  1433 -6092024.4019  4403  3186342.0000 -6529148.7965   344217  304.91%
   1434  1436 -6126474.5813  4425  3186342.0000 -6529148.7965   345165  304.91%
   1438  1440 -6093381.5493  4385  3186342.0000 -6529148.7965   347001  304.91%
   1442  1444 -6126288.0985  4426  3186342.0000 -6529148.7965   347752  304.91%
   1446  1448 -6093660.5764  4400  3186342.0000 -6529148.7965   349285  304.91%
   1450  1452 -6088204.7308  4405  3186342.0000 -6529148.7965   350041  304.91%
Elapsed time = 2695.66 sec. (1099408.00 ticks, tree = 173.41 MB, solutions = 3)
   1451  1453 -5989172.2381  4345  3186342.0000 -6529148.7965   351051  304.91%
   1454  1456 -6020501.5423  4368  3186342.0000 -6529148.7965   351223  304.91%
   1457  1459 -6020370.4333  4374  3186342.0000 -6529148.7965   351314  304.91%
   1459  1461 -6088531.5818  4399  3186342.0000 -6529148.7965   351827  304.91%
   1460  1462 -5987331.9588  4341  3186342.0000 -6529148.7965   352539  304.91%
   1462  1464 -6120666.0190  4401  3186342.0000 -6529148.7965   352988  304.91%
   1464  1466 -6120578.8221  4399  3186342.0000 -6529148.7965   353092  304.91%
   1466  1468 -6087236.1878  4384  3186342.0000 -6529148.7965   353572  304.91%
   1467  1469 -6150540.2181  4431  3186342.0000 -6529148.7965   354049  304.91%
   1468  1470 -6120458.1535  4405  3186342.0000 -6529148.7965   354086  304.91%
Elapsed time = 2695.66 sec. (1107351.34 ticks, tree = 173.41 MB, solutions = 3)
   1471  1473 -6151509.4862  4432  3186342.0000 -6529148.7965   354706  304.91%
   1472  1474 -6087620.6227  4379  3186342.0000 -6529148.7965   355194  304.91%
   1473  1475 -6182941.5089  4441  3186342.0000 -6529148.7965   355229  304.91%
   1474  1476 -6120135.1569  4405  3186342.0000 -6529148.7965   355283  304.91%
   1475  1477 -6093628.7538  4385  3186342.0000 -6529148.7965   355476  304.91%
   1476  1478 -5903511.6688  4325  3186342.0000 -6529148.7965   355632  304.91%
   1477  1479 -6119945.2918  4400  3186342.0000 -6529148.7965   355658  304.91%
   1478  1480 -6091904.4786  4406  3186342.0000 -6529148.7965   355952  304.91%
   1479  1481 -6020279.4873  4371  3186342.0000 -6529148.7965   355983  304.91%
   1480  1482 -6182879.7548  4440  3186342.0000 -6529148.7965   356017  304.91%
Elapsed time = 2706.13 sec. (1118705.54 ticks, tree = 202.35 MB, solutions = 3)
   1482  1484 -5871774.2792  4300  3186342.0000 -6529148.7965   356742  304.91%
   1483  1485 -6087625.9027  4386  3186342.0000 -6529148.7965   357559  304.91%
   1486  1488 -6149465.8212  4431  3186342.0000 -6529148.7965   358109  304.91%
   1487  1489 -6093313.6328  4396  3186342.0000 -6529148.7965   358245  304.91%
   1488  1490 -5871623.8206  4305  3186342.0000 -6529148.7965   358356  304.91%
   1489  1491 -6119747.5621  4400  3186342.0000 -6529148.7965   358422  304.91%
   1490  1492 -6091580.5686  4414  3186342.0000 -6529148.7965   358539  304.91%
   1492  1494 -6182690.9006  4444  3186342.0000 -6529148.7965   358606  304.91%
   1493  1495 -6060074.9434  4371  3186342.0000 -6529148.7965   359552  304.91%
   1494  1496 -5839515.1833  4299  3186342.0000 -6529148.7965   360071  304.91%
Elapsed time = 2743.30 sec. (1129777.72 ticks, tree = 202.35 MB, solutions = 3)
   1506  1508 -5841953.9134  4296  3186342.0000 -6529148.7965   362541  304.91%
   1508  1510 -6091188.2968  4407  3186342.0000 -6529148.7965   362728  304.91%
   1512  1514 -5871411.1612  4305  3186342.0000 -6529148.7965   363156  304.91%
   1513  1515 -6086010.1487  4372  3186342.0000 -6529148.7965   363648  304.91%
   1514  1516 -6058349.2410  4389  3186342.0000 -6529148.7965   364171  304.91%
   1517  1519 -6059557.4936  4387  3186342.0000 -6529148.7965   365116  304.91%
   1518  1520 -5841663.9807  4294  3186342.0000 -6529148.7965   365559  304.91%
   1519  1521 -6119277.6106  4407  3186342.0000 -6529148.7965   365592  304.91%
   1520  1522 -6091152.2991  4410  3186342.0000 -6529148.7965   365719  304.91%
   1523  1525 -6092781.3515  4389  3186342.0000 -6529148.7965   365845  304.91%
Elapsed time = 2773.41 sec. (1141342.06 ticks, tree = 202.35 MB, solutions = 3)
   1526  1528 -6058116.5025  4390  3186342.0000 -6529148.7965   366688  304.91%
   1532  1534 -6091089.3533  4404  3186342.0000 -6529148.7965   367355  304.91%
   1538  1540 -6090868.1924  4402  3186342.0000 -6529148.7965   367827  304.91%
   1541  1543 -6060350.1954  4379  3186342.0000 -6529148.7965   368942  304.91%
   1542  1544 -5838902.7466  4294  3186342.0000 -6529148.7965   369397  304.91%
   1544  1546 -6090648.5799  4403  3186342.0000 -6529148.7965   369971  304.91%
   1547  1549 -6092367.6416  4410  3186342.0000 -6529148.7965   370253  304.91%
   1548  1550 -5838710.9026  4295  3186342.0000 -6529148.7965   370314  304.91%
   1550  1552 -6090639.4169  4402  3186342.0000 -6529148.7965   370529  304.91%
   1553  1555 -6092176.5445  4405  3186342.0000 -6529148.7965   371128  304.91%
Elapsed time = 2802.86 sec. (1148479.37 ticks, tree = 202.35 MB, solutions = 3)
   1556  1558 -6090452.0763  4391  3186342.0000 -6529148.7965   371814  304.91%
   1560  1562 -5838439.0425  4294  3186342.0000 -6529148.7965   372023  304.91%
   1562  1564 -6057857.5860  4379  3186342.0000 -6529148.7965   373313  304.91%
   1565  1567 -6059785.2974  4364  3186342.0000 -6529148.7965   375147  304.91%
   1566  1568 -5807563.3472  4287  3186342.0000 -6529148.7965   375591  304.91%
   1568  1570 -6057656.1677  4381  3186342.0000 -6529148.7965   375789  304.91%
   1571  1573 -6091785.5017  4399  3186342.0000 -6529148.7965   375901  304.91%
   1572  1574 -5838239.4788  4295  3186342.0000 -6529148.7965   375956  304.91%
   1574  1576 -6025891.0814  4367  3186342.0000 -6529148.7965   376823  304.91%
   1577  1579 -6091529.5069  4398  3186342.0000 -6529148.7965   377691  304.91%
Elapsed time = 2862.67 sec. (1160162.68 ticks, tree = 202.35 MB, solutions = 3)
   1580  1582 -6025627.2238  4364  3186342.0000 -6529148.7965   378292  304.91%
   1586  1588 -6025299.7017  4365  3186342.0000 -6529148.7965   379484  304.91%
   1589  1591 -6091372.0887  4392  3186342.0000 -6529148.7965   380422  304.91%
   1590  1592 -5806108.3170  4290  3186342.0000 -6529148.7965   380776  304.91%
   1592  1594 -6025098.6648  4365  3186342.0000 -6529148.7965   380943  304.91%
   1595  1597 -6091239.6970  4392  3186342.0000 -6529148.7965   381110  304.91%
   1596  1598 -5805846.5917  4286  3186342.0000 -6529148.7965   381121  304.91%
   1598  1600 -6024872.6637  4358  3186342.0000 -6529148.7965   381438  304.91%
   1601  1603 -6058406.4160  4370  3186342.0000 -6529148.7965   382447  304.91%
   1602  1604 -5805699.3515  4288  3186342.0000 -6529148.7965   382499  304.91%
Elapsed time = 2881.92 sec. (1165146.37 ticks, tree = 202.35 MB, solutions = 3)
   1604  1606 -6024682.6919  4353  3186342.0000 -6529148.7965   383145  304.91%
   1607  1609 -6091139.5583  4393  3186342.0000 -6529148.7965   383329  304.91%
   1610  1612 -5992488.1422  4348  3186342.0000 -6529148.7965   384140  304.91%
   1613  1615 -6091134.4482  4399  3186342.0000 -6529148.7965   384443  304.91%
   1616  1618 -6024413.5755  4358  3186342.0000 -6529148.7965   385231  304.91%
   1619  1621 -6091000.7358  4397  3186342.0000 -6529148.7965   385716  304.91%
   1620  1622 -5773729.3925  4271  3186342.0000 -6529148.7965   386063  304.91%
   1622  1624 -6024215.7041  4362  3186342.0000 -6529148.7965   386160  304.91%
   1625  1627 -6058183.5442  4383  3186342.0000 -6529148.7965   386927  304.91%
   1626  1628 -5805193.0275  4281  3186342.0000 -6529148.7965   387001  304.91%
Elapsed time = 2904.34 sec. (1172111.11 ticks, tree = 202.35 MB, solutions = 3)
   1628  1630 -6024198.6831  4362  3186342.0000 -6529148.7965   387156  304.91%
   1631  1633 -6090868.3902  4394  3186342.0000 -6529148.7965   387805  304.91%
   1634  1636 -6024066.7239  4363  3186342.0000 -6529148.7965   388244  304.91%
   1637  1639 -6090680.1673  4388  3186342.0000 -6529148.7965   388446  304.91%
   1640  1642 -6024064.7803  4376  3186342.0000 -6529148.7965   389093  304.91%
   1643  1645 -6090552.3873  4402  3186342.0000 -6529148.7965   389754  304.91%
   1644  1646 -5773286.0578  4271  3186342.0000 -6529148.7965   390089  304.91%
   1646  1648 -5990570.0823  4343  3186342.0000 -6529148.7965   390744  304.91%
   1649  1651 -6090549.9767  4401  3186342.0000 -6529148.7965   391810  304.91%
   1650  1652 -5804700.1523  4286  3186342.0000 -6529148.7965   391829  304.91%
Elapsed time = 2928.86 sec. (1178454.11 ticks, tree = 202.35 MB, solutions = 3)
   1652  1654 -6024062.9601  4374  3186342.0000 -6529148.7965   391891  304.91%
   1658  1660 -6024059.9740  4372  3186342.0000 -6529148.7965   393287  304.91%
   1661  1663 -6090113.1285  4411  3186342.0000 -6529148.7965   394505  304.91%
   1664  1666 -6023866.5136  4365  3186342.0000 -6529148.7965   394726  304.91%
   1667  1669 -6057731.3637  4381  3186342.0000 -6529148.7965   395622  304.91%
   1668  1670 -5772583.0873  4271  3186342.0000 -6529148.7965   395980  304.91%
   1670  1672 -6023666.2553  4362  3186342.0000 -6529148.7965   396409  304.91%
   1673  1675 -6089986.3413  4388  3186342.0000 -6529148.7965   397459  304.91%
   1674  1676 -5772454.0607  4270  3186342.0000 -6529148.7965   397486  304.91%
   1676  1678 -5991446.2681  4348  3186342.0000 -6529148.7965   398153  304.91%
Elapsed time = 2957.47 sec. (1196787.03 ticks, tree = 202.35 MB, solutions = 3)
   1694  1696 -5990297.5125  4355  3186342.0000 -6529148.7965   402587  304.91%
   1697  1699 -6056646.6782  4383  3186342.0000 -6529148.7965   403395  304.91%
   1700  1702 -6023400.5513  4368  3186342.0000 -6529148.7965   403602  304.91%
   1703  1705 -6089286.1898  4392  3186342.0000 -6529148.7965   404604  304.91%
   1706  1708 -6023167.1198  4370  3186342.0000 -6529148.7965   405698  304.91%
   1709  1711 -6056999.8517  4390  3186342.0000 -6529148.7965   406576  304.91%
   1712  1714 -5991220.8270  4355  3186342.0000 -6529148.7965   407125  304.91%
   1713  1715 -5984104.7351  4344  3186342.0000 -6529148.7965   407848  304.91%
   1715  1717 -6089152.7836  4394  3186342.0000 -6529148.7965   407931  304.91%
   1718  1720 -6015900.0139  4362  3186342.0000 -6529148.7965   408837  304.91%
Elapsed time = 3004.80 sec. (1205140.73 ticks, tree = 202.35 MB, solutions = 3)
   1723  1725 -5983359.7534  4343  3186342.0000 -6529148.7965   410103  304.91%
   1725  1727 -6056478.3408  4384  3186342.0000 -6529148.7965   410925  304.91%
   1738  1740 -5675582.4360  4239  3186342.0000 -6529148.7965   414429  304.91%
   1741  1743 -6145811.3921  4419  3186342.0000 -6529148.7965   415276  304.91%
   1742  1744 -6088758.5346  4399  3186342.0000 -6529148.7965   415352  304.91%
   1743  1745 -5675213.6737  4245  3186342.0000 -6529148.7965   415455  304.91%
   1744  1746 -6082797.7894  4383  3186342.0000 -6529148.7965   415917  304.91%
   1745  1747 -6023027.6515  4375  3186342.0000 -6529148.7965   415998  304.91%
   1746  1748 -6015700.3125  4358  3186342.0000 -6529148.7965   416056  304.91%
   1747  1749 -6178550.3438  4437  3186342.0000 -6529148.7965   416092  304.91%
Elapsed time = 3018.08 sec. (1214184.34 ticks, tree = 242.95 MB, solutions = 3)
   1750  1752 -6115568.4222  4401  3186342.0000 -6529148.7965   416564  304.91%
   1751  1753 -5990150.6373  4355  3186342.0000 -6529148.7965   417142  304.91%
   1754  1756 -6056961.6071  4379  3186342.0000 -6529148.7965   418504  304.91%
   1756  1758 -6083084.7489  4382  3186342.0000 -6529148.7965   418970  304.91%
   1757  1759 -6022834.6456  4374  3186342.0000 -6529148.7965   419123  304.91%
   1760  1762 -6088562.8095  4399  3186342.0000 -6529148.7965   419214  304.91%
   1761  1763 -5643212.2764  4227  3186342.0000 -6529148.7965   419542  304.91%
   1762  1764 -6115426.4739  4398  3186342.0000 -6529148.7965   419601  304.91%
   1763  1765 -6022728.3949  4381  3186342.0000 -6529148.7965   419778  304.91%
   1766  1768 -6088367.5874  4396  3186342.0000 -6529148.7965   420082  304.91%
Elapsed time = 3043.36 sec. (1225169.90 ticks, tree = 242.95 MB, solutions = 3)
   1778  1780 -6055849.2805  4378  3186342.0000 -6529148.7965   422040  304.91%
   1784  1786 -6055823.1841  4381  3186342.0000 -6529148.7965   422987  304.91%
   1790  1792 -6022018.7881  4353  3186342.0000 -6529148.7965   426645  304.91%
   1791  1793 -5674314.6061  4245  3186342.0000 -6529148.7965   426668  304.91%
   1795  1797 -6145091.2451  4425  3186342.0000 -6529148.7965   427241  304.91%
   1796  1798 -6055737.3272  4388  3186342.0000 -6529148.7965   427512  304.91%
   1797  1799 -5642488.2825  4230  3186342.0000 -6529148.7965   427825  304.91%
   1798  1800 -6081869.3806  4386  3186342.0000 -6529148.7965   428213  304.91%
   1799  1801 -6021684.6927  4372  3186342.0000 -6529148.7965   428454  304.91%
   1801  1803 -6178028.3668  4434  3186342.0000 -6529148.7965   428579  304.91%
Elapsed time = 3160.83 sec. (1232394.46 ticks, tree = 242.95 MB, solutions = 3)
   1802  1804 -6055605.8186  4387  3186342.0000 -6529148.7965   428613  304.91%
   1807  1809 -6145421.7051  4427  3186342.0000 -6529148.7965   429420  304.91%
   1808  1810 -6055515.0534  4383  3186342.0000 -6529148.7965   429580  304.91%
   1809  1811 -5642532.1832  4232  3186342.0000 -6529148.7965   430006  304.91%
   1813  1815 -6177782.8545  4433  3186342.0000 -6529148.7965   430724  304.91%
   1814  1816 -6055493.0768  4380  3186342.0000 -6529148.7965   430960  304.91%
   1815  1817 -5673980.8255  4245  3186342.0000 -6529148.7965   431065  304.91%
   1816  1818 -6114503.0039  4403  3186342.0000 -6529148.7965   431119  304.91%
   1817  1819 -6021278.0046  4382  3186342.0000 -6529148.7965   431298  304.91%
   1819  1821 -6146108.0678  4422  3186342.0000 -6529148.7965   431825  304.91%
Elapsed time = 3422.08 sec. (1241182.35 ticks, tree = 242.95 MB, solutions = 3)
   1820  1822 -6055455.8743  4378  3186342.0000 -6529148.7965   432004  304.91%
   1825  1827 -6055275.1142  4382  3186342.0000 -6529148.7965   432947  304.91%
   1829  1831 -6145427.1134  4414  3186342.0000 -6529148.7965   433820  304.91%
   1830  1832 -6055142.2867  4379  3186342.0000 -6529148.7965   433889  304.91%
   1832  1834 -6081390.4614  4400  3186342.0000 -6529148.7965   434687  304.91%
   1834  1836 -6177461.4781  4425  3186342.0000 -6529148.7965   434789  304.91%
   1835  1837 -6055080.2409  4377  3186342.0000 -6529148.7965   434846  304.91%
   1837  1839 -6114259.5146  4395  3186342.0000 -6529148.7965   434976  304.91%
   1839  1841 -6144486.0867  4432  3186342.0000 -6529148.7965   435337  304.91%
   1840  1842 -6022025.1706  4348  3186342.0000 -6529148.7965   436097  304.91%
Elapsed time = 3440.64 sec. (1274738.30 ticks, tree = 242.95 MB, solutions = 3)
   1850  1852 -6022388.8462  4349  3186342.0000 -6529148.7965   439530  304.91%
   1855  1857 -6054654.9901  4366  3186342.0000 -6529148.7965   441046  304.91%
   1860  1862 -6022745.7201  4354  3186342.0000 -6529148.7965   442881  304.91%
   1865  1867 -6054461.2988  4367  3186342.0000 -6529148.7965   444309  304.91%
   1866  1868 -5611948.9887  4223  3186342.0000 -6529148.7965   444808  304.91%
   1870  1872 -6022518.7930  4354  3186342.0000 -6529148.7965   446066  304.91%
   1874  1876 -6054393.8799  4368  3186342.0000 -6529148.7965   447375  304.91%
   1878  1880 -6021254.8886  4349  3186342.0000 -6529148.7965   448985  304.91%
   1882  1884 -6054200.0531  4370  3186342.0000 -6529148.7965   450591  304.91%
   1886  1888 -6022059.5292  4352  3186342.0000 -6529148.7965   452528  304.91%
Elapsed time = 3440.64 sec. (1322787.09 ticks, tree = 242.95 MB, solutions = 3)
   1935  1937 -6054131.9866  4376  3186342.0000 -6529148.7965   466474  304.91%
   1936  1938 -5644152.4847  4228  3186342.0000 -6529148.7965   466529  304.91%
   1937  1939 -6111695.0888  4391  3186342.0000 -6529148.7965   466568  304.91%
   1938  1940 -6021086.7804  4371  3186342.0000 -6529148.7965   466673  304.91%
   1939  1941 -5979025.4774  4338  3186342.0000 -6529148.7965   467355  304.91%
   1940  1942 -6174891.3458  4440  3186342.0000 -6529148.7965   467445  304.91%
   1941  1943 -6021247.2904  4342  3186342.0000 -6529148.7965   468361  304.91%
   1942  1944 -5611924.1198  4226  3186342.0000 -6529148.7965   468614  304.91%
   1943  1945 -6079084.0037  4381  3186342.0000 -6529148.7965   469021  304.91%
   1944  1946 -6020826.7882  4374  3186342.0000 -6529148.7965   469108  304.91%
Elapsed time = 3465.39 sec. (1395970.87 ticks, tree = 272.03 MB, solutions = 3)
   1945  1947 -6011695.9636  4367  3186342.0000 -6529148.7965   469160  304.91%
   1947  1949 -6054063.1610  4375  3186342.0000 -6529148.7965   470002  304.91%
   1951  1953 -5979144.8578  4341  3186342.0000 -6529148.7965   471045  304.91%
   1952  1954 -6174815.2401  4423  3186342.0000 -6529148.7965   471175  304.91%
   1953  1955 -6053864.2885  4372  3186342.0000 -6529148.7965   471347  304.91%
   1957  1959 -6011537.2253  4365  3186342.0000 -6529148.7965   471637  304.91%
   1958  1960 -6174713.6465  4429  3186342.0000 -6529148.7965   471807  304.91%
   1959  1961 -6053797.0066  4376  3186342.0000 -6529148.7965   471860  304.91%
   1961  1963 -6078457.8550  4390  3186342.0000 -6529148.7965   472296  304.91%
   1963  1965 -6011234.5817  4351  3186342.0000 -6529148.7965   472718  304.91%
Elapsed time = 3503.25 sec. (1413134.22 ticks, tree = 272.03 MB, solutions = 3)
   1969  1971 -5979731.1300  4347  3186342.0000 -6529148.7965   474784  304.91%
   1975  1977 -6010975.9231  4355  3186342.0000 -6529148.7965   475124  304.91%
   1981  1983 -5979200.8677  4341  3186342.0000 -6529148.7965   477378  304.91%
   1987  1989 -6010655.0953  4360  3186342.0000 -6529148.7965   478309  304.91%
   1989  1991 -6053345.1138  4377  3186342.0000 -6529148.7965   478404  304.91%
   1993  1995 -6010521.3920  4360  3186342.0000 -6529148.7965   479461  304.91%
   1995  1997 -6053072.0636  4370  3186342.0000 -6529148.7965   480048  304.91%
   1999  2001 -5981285.7123  4343  3186342.0000 -6529148.7965   480802  304.91%
   2000  2002 -6174099.4899  4426  3186342.0000 -6529148.7965   480837  304.91%
   2001  2003 -6021017.8218  4364  3186342.0000 -6529148.7965   481210  304.91%
Elapsed time = 3569.22 sec. (1419484.80 ticks, tree = 272.03 MB, solutions = 3)
   2005  2007 -6010333.5118  4359  3186342.0000 -6529148.7965   482099  304.91%
   2011  2013 -5978045.6799  4331  3186342.0000 -6529148.7965   483783  304.91%
   2013  2015 -5988894.5661  4342  3186342.0000 -6529148.7965   484579  304.91%
   2017  2019 -6010142.4335  4360  3186342.0000 -6529148.7965   485159  304.91%
   2018  2020 -6140906.4587  4414  3186342.0000 -6529148.7965   485642  304.91%
   2019  2021 -6020627.4445  4365  3186342.0000 -6529148.7965   485681  304.91%
   2021  2023 -6077159.8367  4394  3186342.0000 -6529148.7965   486118  304.91%
   2023  2025 -6173825.4559  4418  3186342.0000 -6529148.7965   486200  304.91%
   2024  2026 -6020436.2415  4362  3186342.0000 -6529148.7965   486243  304.91%
   2026  2028 -6110236.4662  4392  3186342.0000 -6529148.7965   486340  304.91%
Elapsed time = 3600.14 sec. (1424119.73 ticks, tree = 272.03 MB, solutions = 3)
   2029  2031 -6020242.9080  4362  3186342.0000 -6529148.7965   486520  304.91%
   2033  2035 -6141134.5452  4415  3186342.0000 -6529148.7965   487167  304.91%
   2034  2036 -5988118.0723  4332  3186342.0000 -6529148.7965   488298  304.91%
   2038  2040 -6173472.4569  4423  3186342.0000 -6529148.7965   488558  304.91%
   2039  2041 -6020003.3710  4359  3186342.0000 -6529148.7965   488597  304.91%
   2043  2045 -6141133.9648  4411  3186342.0000 -6529148.7965   489466  304.91%
   2044  2046 -6019809.6331  4362  3186342.0000 -6529148.7965   489503  304.91%
   2048  2050 -6173290.3548  4434  3186342.0000 -6529148.7965   490080  304.91%
   2049  2051 -6019612.9416  4365  3186342.0000 -6529148.7965   490110  304.91%
   2051  2053 -6077653.6781  4391  3186342.0000 -6529148.7965   490643  304.91%
Elapsed time = 3600.14 sec. (1431129.17 ticks, tree = 272.03 MB, solutions = 3)
   2053  2055 -6173051.8387  4422  3186342.0000 -6529148.7965   491176  304.91%
   2054  2056 -6019610.0940  4361  3186342.0000 -6529148.7965   491215  304.91%
   2058  2060 -6172909.3598  4425  3186342.0000 -6529148.7965   491458  304.91%
   2059  2061 -6019415.6570  4363  3186342.0000 -6529148.7965   491509  304.91%
   2061  2063 -6076440.7603  4388  3186342.0000 -6529148.7965   492401  304.91%
   2063  2065 -6140963.6520  4420  3186342.0000 -6529148.7965   492976  304.91%
   2064  2066 -6019284.2097  4364  3186342.0000 -6529148.7965   493030  304.91%
   2066  2068 -6109442.9953  4387  3186342.0000 -6529148.7965   493121  304.91%
   2068  2070 -6172719.3990  4428  3186342.0000 -6529148.7965   493203  304.91%
   2069  2071 -6019087.6964  4367  3186342.0000 -6529148.7965   493225  304.91%
Elapsed time = 3600.16 sec. (1439993.68 ticks, tree = 272.03 MB, solutions = 3)

Implied bound cuts applied:  156
Flow cuts applied:  1
Mixed integer rounding cuts applied:  3
Gomory fractional cuts applied:  2

Root node processing (before b&c):
  Real time             =   64.53 sec. (54187.83 ticks)
Parallel b&c, 6 threads:
  Real time             = 3536.08 sec. (1389265.60 ticks)
  Sync time (average)   =  421.96 sec.
  Wait time (average)   =  422.33 sec.
                          ------------
Total (root+branch&cut) = 3600.61 sec. (1443453.44 ticks)
