best_sol:130 76 145 7 173 14 191 0 120 28 73 91 71 58 66 104 144 79 146 98 166 150 21 157 124 10 26 152 31 186 38 42 180 148 116 178 149 164 20 100 55 4 108 52 109 141 126 57 163 153 122 51 65 118 61 101 154 82 17 46 170 131 27 189 29 77 12 162 24 23 117 87 62 97 9 115 72 105 160 34 6 165 192 86 53 156 90 74 3 94 136 37 195 11 39 64 196 143 103 63 85 127 142 111 176 41 40 83 175 47 199 96 197 138 84 147 107 93 70 135 5 44 1 19 13 188 134 99 177 16 113 198 159 33 43 187 88 129 60 50 182 193 137 179 32 181 45 18 49 25 30 185 183 81 54 67 168 2 102 78 22 128 123 194 80 95 155 140 190 133 174 36 59 158 89 169 151 167 132 48 68 171 139 172 8 110 69 161 15 121 92 119 56 184 125 35 106 112 75 114 
exact_result:-733369  是否排列1 ax=-800  bx=924  cx=5831  obj=-733369
 ax上界求解时间：0.304000 上界花费时间：0.310000
 ax下界求解时间：0.295000 下界花费时间：0.302000 
bx上界求解时间：0.338000 上界花费时间：0.346000
 bx下界求解时间：0.334000 下界花费时间：0.342000 
模型总求解时间：26.380000  模型求解时间：24.833000 axbx上下届时间：1.481000 
***********
Minimum Execution Time:26.380000
Maximum Execution Time:26.380000
Average Execution Time:26.380000
best_sol:178 130 58 59 199 109 108 94 168 128 153 73 124 65 118 6 98 121 0 32 31 155 122 184 171 190 167 50 4 127 13 157 43 8 151 26 197 141 72 60 191 138 36 55 181 189 45 115 97 89 106 116 173 119 34 21 24 54 192 38 66 40 125 104 123 46 9 139 144 61 44 185 163 182 172 70 137 23 42 165 196 39 84 194 48 29 1 180 160 195 135 12 20 100 16 27 62 111 85 158 154 30 18 82 49 86 159 117 183 79 35 25 99 77 37 187 146 83 174 164 179 188 107 133 152 75 156 52 147 148 3 143 169 17 22 149 69 110 129 120 56 14 198 51 126 87 102 80 15 71 76 68 7 10 96 53 186 93 177 63 33 57 193 64 170 28 101 5 95 74 114 150 81 113 103 166 132 161 88 2 176 91 140 131 90 145 112 19 136 142 67 105 175 134 11 78 92 41 47 162 
exact_result:-587033  ax=1646  bx=299  cx=-279187
模型总求解时间：3614.299000  结果是否最优:ny
***********
Minimum Execution Time:3614.299000
Maximum Execution Time:3614.299000
Average Execution Time:3614.299000
