best_sol:967 463 347 322 647 720 126 580 775 740 361 432 999 67 150 210 108 854 934 694 841 941 714 733 745 969 456 480 331 154 846 728 560 99 17 380 818 311 300 436 536 838 547 452 609 625 197 291 868 821 443 691 910 617 437 261 207 811 942 573 987 778 759 802 664 922 131 289 485 861 357 604 553 260 786 649 314 879 326 595 872 188 263 986 109 885 579 72 693 462 392 16 648 632 278 362 332 329 419 588 458 292 135 159 208 354 623 805 198 968 201 492 324 140 806 313 366 412 591 665 171 73 129 603 918 182 251 995 449 4 911 932 264 328 974 77 295 803 334 350 653 660 310 542 576 440 769 53 341 423 500 358 238 533 511 686 470 390 902 497 682 575 522 921 284 833 990 946 308 205 227 520 750 814 283 801 710 211 955 581 961 425 192 475 285 824 689 226 442 677 39 490 375 789 229 628 20 627 428 685 477 634 422 592 43 68 471 455 148 87 309 32 823 878 751 662 446 136 559 550 599 638 676 718 889 22 567 565 637 385 319 395 474 484 900 368 335 855 667 963 121 857 52 307 785 288 199 448 736 187 795 743 274 459 600 956 724 161 622 415 396 281 104 394 875 537 713 810 563 1 11 612 819 851 338 960 162 572 340 142 853 388 681 510 195 406 79 827 413 936 330 992 178 788 568 149 512 224 983 267 629 114 937 421 160 562 683 545 998 44 835 438 269 233 225 266 808 435 927 584 164 417 958 513 51 107 944 812 529 320 247 249 842 400 928 180 656 909 690 540 985 507 204 787 147 526 643 467 593 702 972 12 742 7 652 630 40 236 551 952 353 614 28 265 379 118 840 93 409 978 386 517 119 732 230 870 626 401 583 817 168 858 989 712 524 639 55 651 429 213 731 414 402 297 254 165 483 478 280 780 445 433 141 530 272 47 767 256 469 618 376 777 29 679 65 172 891 753 784 189 416 516 949 758 729 555 813 377 95 675 237 302 770 157 994 124 659 546 979 468 24 351 807 63 577 355 493 884 636 597 965 915 103 502 571 655 41 908 494 925 831 725 832 242 62 726 193 820 495 541 697 287 514 70 730 293 364 544 450 145 503 848 349 74 973 752 913 134 420 914 318 574 975 259 64 558 393 253 155 899 196 644 504 738 398 509 444 143 564 993 36 481 793 304 343 214 294 191 794 115 466 156 532 903 61 290 152 248 954 790 804 658 535 344 744 35 923 356 859 523 348 173 982 342 246 765 461 15 75 451 715 137 839 798 687 132 869 672 170 948 887 678 96 707 594 241 907 741 327 980 739 482 539 158 862 144 273 657 282 892 721 86 845 217 405 631 133 447 3 85 847 709 674 69 243 797 905 105 125 521 684 130 756 378 434 977 605 6 258 873 920 10 363 441 183 962 255 323 719 345 407 14 561 611 276 772 912 552 153 80 203 646 663 352 754 746 582 894 768 764 235 749 424 566 120 830 867 897 221 299 613 268 940 88 473 202 695 635 19 399 315 506 200 397 596 83 179 426 0 760 212 706 825 698 708 277 374 71 186 234 487 81 90 882 427 727 633 491 505 997 590 56 312 680 8 167 117 381 498 943 106 151 641 901 359 781 598 306 346 607 828 239 410 826 479 606 935 587 877 383 453 951 837 13 774 127 796 325 389 181 666 866 31 933 953 222 734 50 586 791 82 569 486 701 146 570 123 91 275 111 23 116 418 771 219 102 92 408 876 26 863 645 850 9 206 836 216 403 460 737 945 98 488 964 621 528 2 76 896 800 489 822 971 519 25 703 883 799 589 773 128 865 499 669 316 711 696 38 650 970 220 518 244 464 957 337 763 673 370 163 670 929 984 939 534 886 365 527 716 991 722 360 959 843 661 21 538 166 755 671 252 620 472 305 465 864 89 18 880 924 257 735 49 700 430 699 966 5 33 296 59 431 78 387 904 705 895 757 34 175 624 917 30 231 66 874 110 619 496 113 301 557 747 809 279 988 112 184 926 138 782 454 501 515 783 373 27 888 717 271 554 642 176 860 262 411 852 457 761 476 60 543 525 615 367 766 321 97 898 177 792 371 585 616 245 54 688 815 776 816 893 601 46 906 270 303 549 404 169 215 101 602 844 981 372 556 508 37 339 139 369 950 174 382 250 298 45 608 610 48 57 232 856 779 100 849 194 240 218 439 640 704 947 723 548 692 84 829 930 976 916 190 228 94 333 668 748 938 185 654 762 42 871 336 531 996 58 122 384 834 209 286 919 391 931 890 578 223 881 317 
exact_result:48819213  是否排列1 ax=3730  bx=13081  cx=27083  obj=48819213
 ax上界求解时间：20.046000 上界花费时间：20.105000
 ax下界求解时间：11.831000 下界花费时间：11.889000 
bx上界求解时间：21.638000 上界花费时间：21.695000
 bx下界求解时间：12.093000 下界花费时间：12.152000 
模型总求解时间：137.161000  模型求解时间：65.828000 axbx上下届时间：69.866000 结果是否最优:y
***********
Minimum Execution Time:137.161000
Maximum Execution Time:137.161000
Average Execution Time:137.161000
