Found incumbent of value 1.0629230e+008 after 2.02 sec. (1771.90 ticks)
Clique table members: 800.
MIP emphasis: balance optimality and feasibility.
MIP search method: dynamic search.
Parallel mode: deterministic, using up to 6 threads.
Root relaxation solution time = 38.77 sec. (11893.53 ticks)

        Nodes                                         Cuts/
   Node  Left     Objective  IInf  Best Integer    Best Bound    ItCnt     Gap

*     0+    0                      1.06292e+008 -1.36058e+010              --- 
      0     0 -1.66798e+008  4110  1.06292e+008 -1.66798e+008       60  256.92%
      0     0 -1.66784e+008  4150  1.06292e+008      Cuts: 72      262  256.91%
      0     0 -1.66779e+008  4162  1.06292e+008      Cuts: 23      364  256.91%
      0     0 -1.66775e+008  4161  1.06292e+008      Cuts: 23      447  256.90%
      0     0 -1.66770e+008  4170  1.06292e+008      Cuts: 23      552  256.90%
      0     2 -1.66770e+008  4170  1.06292e+008 -1.66770e+008      552  256.90%
Elapsed time = 304.52 sec. (155417.38 ticks, tree = 0.01 MB, solutions = 1)
      1     3 -1.66762e+008  4174  1.06292e+008 -1.66770e+008      619  256.90%
      2     4 -1.65960e+008  4159  1.06292e+008 -1.66770e+008     1047  256.90%
      3     5 -1.66754e+008  4176  1.06292e+008 -1.66761e+008     1138  256.89%
      4     6 -1.65959e+008  4158  1.06292e+008 -1.66761e+008     1187  256.89%
      5     7 -1.65164e+008  4148  1.06292e+008 -1.66761e+008     1602  256.89%
      6     8 -1.65915e+008  4152  1.06292e+008 -1.66761e+008     1876  256.89%
      7     9 -1.65959e+008  4156  1.06292e+008 -1.66761e+008     1913  256.89%
      8    10 -1.65163e+008  4154  1.06292e+008 -1.66761e+008     1940  256.89%
      9    11 -1.66742e+008  4170  1.06292e+008 -1.66754e+008     2085  256.88%
     10    12 -1.65946e+008  4158  1.06292e+008 -1.66754e+008     2219  256.88%
Elapsed time = 370.58 sec. (184149.44 ticks, tree = 0.01 MB, solutions = 1)
     12    14 -1.65004e+008  4157  1.06292e+008 -1.66754e+008     2857  256.88%
     13    15 -1.64254e+008  4151  1.06292e+008 -1.66754e+008     3441  256.88%
     14    16 -1.65936e+008  4152  1.06292e+008 -1.66754e+008     4054  256.88%
     15    17 -1.65117e+008  4155  1.06292e+008 -1.66754e+008     4705  256.88%
     16    18 -1.64322e+008  4142  1.06292e+008 -1.66754e+008     5177  256.88%
     17    19 -1.66738e+008  4178  1.06292e+008 -1.66742e+008     5230  256.87%
     18    20 -1.65937e+008  4154  1.06292e+008 -1.66742e+008     5299  256.87%
     19    21 -1.65138e+008  4152  1.06292e+008 -1.66742e+008     5334  256.87%
     20    22 -1.64994e+008  4162  1.06292e+008 -1.66742e+008     5400  256.87%
     21    23 -1.64253e+008  4147  1.06292e+008 -1.66742e+008     5467  256.87%
Elapsed time = 387.70 sec. (191735.13 ticks, tree = 0.01 MB, solutions = 1)
     23    25 -1.65922e+008  4150  1.06292e+008 -1.66742e+008     5982  256.87%
     24    26 -1.65144e+008  4155  1.06292e+008 -1.66742e+008     6431  256.87%
     25    27 -1.64300e+008  4147  1.06292e+008 -1.66742e+008     6880  256.87%
     26    28 -1.64165e+008  4147  1.06292e+008 -1.66742e+008     7249  256.87%
     27    29 -1.63470e+008  4140  1.06292e+008 -1.66742e+008     7622  256.87%
     29    31 -1.65136e+008  4153  1.06292e+008 -1.66742e+008     7799  256.87%
     30    32 -1.64157e+008  4151  1.06292e+008 -1.66742e+008     7900  256.87%
     31    33 -1.64253e+008  4147  1.06292e+008 -1.66742e+008     7926  256.87%
     32    34 -1.64313e+008  4144  1.06292e+008 -1.66742e+008     8419  256.87%
     33    35 -1.63329e+008  4127  1.06292e+008 -1.66742e+008     8802  256.87%
Elapsed time = 419.52 sec. (203046.00 ticks, tree = 0.01 MB, solutions = 1)
     35    37 -1.63435e+008  4131  1.06292e+008 -1.66742e+008     9308  256.87%
     36    38 -1.66733e+008  4178  1.06292e+008 -1.66738e+008     9389  256.87%
     37    39 -1.64326e+008  4141  1.06292e+008 -1.66738e+008     9786  256.87%
     38    40 -1.65128e+008  4155  1.06292e+008 -1.66738e+008     9908  256.87%
     39    41 -1.64148e+008  4153  1.06292e+008 -1.66738e+008     9948  256.87%
     40    42 -1.64241e+008  4156  1.06292e+008 -1.66738e+008     9989  256.87%
     41    43 -1.65099e+008  4155  1.06292e+008 -1.66738e+008    10037  256.87%
     42    44 -1.65924e+008  4157  1.06292e+008 -1.66738e+008    10593  256.87%
     43    45 -1.65132e+008  4156  1.06292e+008 -1.66738e+008    10625  256.87%
     44    46 -1.64328e+008  4152  1.06292e+008 -1.66738e+008    11156  256.87%
Elapsed time = 507.02 sec. (219839.68 ticks, tree = 0.01 MB, solutions = 1)
     48    50 -1.64141e+008  4158  1.06292e+008 -1.66738e+008    13264  256.87%
     49    51 -1.64235e+008  4155  1.06292e+008 -1.66738e+008    13764  256.87%
     50    52 -1.66730e+008  4176  1.06292e+008 -1.66731e+008    13816  256.86%
     51    53 -1.64340e+008  4147  1.06292e+008 -1.66731e+008    14321  256.86%
     52    54 -1.65117e+008  4158  1.06292e+008 -1.66731e+008    14377  256.86%
     53    55 -1.63372e+008  4131  1.06292e+008 -1.66731e+008    14793  256.86%
     54    56 -1.63466e+008  4132  1.06292e+008 -1.66731e+008    15153  256.86%
     55    57 -1.65097e+008  4154  1.06292e+008 -1.66731e+008    15199  256.86%
     56    58 -1.65928e+008  4164  1.06292e+008 -1.66731e+008    15653  256.86%
     57    59 -1.65126e+008  4154  1.06292e+008 -1.66731e+008    15997  256.86%
Elapsed time = 605.86 sec. (265770.72 ticks, tree = 0.01 MB, solutions = 1)
*    60+   60                      9.60542e+007 -1.66731e+008           273.58%
     74    76 -1.64351e+008  4153  9.60542e+007 -1.66725e+008    20629  273.57%
     75    77 -1.64416e+008  4146  9.60542e+007 -1.66725e+008    21105  273.57%
     77    79 -1.63445e+008  4135  9.60542e+007 -1.66725e+008    21223  273.57%
     79    81 -1.66715e+008  4177  9.60542e+007 -1.66725e+008    21322  273.57%
     80    82 -1.65124e+008  4146  9.60542e+007 -1.66725e+008    21375  273.57%
     81    83 -1.65109e+008  4156  9.60542e+007 -1.66725e+008    21397  273.57%
     82    84 -1.63389e+008  4136  9.60542e+007 -1.66725e+008    21869  273.57%
     83    85 -1.63435e+008  4135  9.60542e+007 -1.66725e+008    21930  273.57%
     84    86 -1.64204e+008  4154  9.60542e+007 -1.66725e+008    22365  273.57%
     85    87 -1.66711e+008  4174  9.60542e+007 -1.66725e+008    22532  273.57%
Elapsed time = 625.83 sec. (270316.80 ticks, tree = 0.01 MB, solutions = 2)
     86    88 -1.65122e+008  4144  9.60542e+007 -1.66725e+008    22574  273.57%
     87    89 -1.64307e+008  4149  9.60542e+007 -1.66725e+008    23080  273.57%
     90    92 -1.65089e+008  4154  9.60542e+007 -1.66725e+008    23312  273.57%
     91    93 -1.66705e+008  4174  9.60542e+007 -1.66725e+008    23456  273.57%
     92    94 -1.65119e+008  4149  9.60542e+007 -1.66725e+008    23486  273.57%
     93    95 -1.65107e+008  4156  9.60542e+007 -1.66725e+008    23560  273.57%
     94    96 -1.63328e+008  4127  9.60542e+007 -1.66725e+008    24124  273.57%
     95    97 -1.63421e+008  4134  9.60542e+007 -1.66725e+008    24289  273.57%
     96    98 -1.65086e+008  4157  9.60542e+007 -1.66725e+008    24324  273.57%
     97    99 -1.66703e+008  4180  9.60542e+007 -1.66725e+008    24507  273.57%
Elapsed time = 653.16 sec. (276013.79 ticks, tree = 0.01 MB, solutions = 2)
     99   101 -1.64344e+008  4151  9.60542e+007 -1.66725e+008    25067  273.57%
    100   102 -1.63319e+008  4129  9.60542e+007 -1.66725e+008    25125  273.57%
    101   103 -1.62723e+008  4122  9.60542e+007 -1.66725e+008    25724  273.57%
    102   104 -1.64263e+008  4139  9.60542e+007 -1.66725e+008    26370  273.57%
    103   105 -1.66701e+008  4176  9.60542e+007 -1.66725e+008    26582  273.57%
    104   106 -1.64232e+008  4143  9.60542e+007 -1.66725e+008    27067  273.57%
    105   107 -1.65103e+008  4160  9.60542e+007 -1.66725e+008    27203  273.57%
    106   108 -1.63316e+008  4127  9.60542e+007 -1.66725e+008    27239  273.57%
    107   109 -1.63416e+008  4141  9.60542e+007 -1.66725e+008    27275  273.57%
    108   110 -1.65075e+008  4156  9.60542e+007 -1.66725e+008    27355  273.57%
Elapsed time = 671.53 sec. (282189.06 ticks, tree = 0.01 MB, solutions = 2)
    110   112 -1.64221e+008  4144  9.60542e+007 -1.66725e+008    27637  273.57%
    111   113 -1.64304e+008  4153  9.60542e+007 -1.66725e+008    28186  273.57%
    113   115 -1.62614e+008  4121  9.60542e+007 -1.66725e+008    28750  273.57%
    115   117 -1.66696e+008  4182  9.60542e+007 -1.66725e+008    29077  273.57%
    116   118 -1.64212e+008  4141  9.60542e+007 -1.66725e+008    29137  273.57%
    117   119 -1.64295e+008  4153  9.60542e+007 -1.66725e+008    29234  273.57%
    119   121 -1.63414e+008  4136  9.60542e+007 -1.66725e+008    29342  273.57%
    120   122 -1.65055e+008  4159  9.60542e+007 -1.66725e+008    29461  273.57%
    121   123 -1.65810e+008  4167  9.60542e+007 -1.66725e+008    30061  273.57%
    122   124 -1.64201e+008  4142  9.60542e+007 -1.66725e+008    30149  273.57%
Elapsed time = 712.78 sec. (286040.02 ticks, tree = 0.01 MB, solutions = 2)
    123   125 -1.64292e+008  4155  9.60542e+007 -1.66725e+008    30177  273.57%
    125   127 -1.62650e+008  4132  9.60542e+007 -1.66725e+008    30754  273.57%
    127   129 -1.65799e+008  4168  9.60542e+007 -1.66725e+008    30958  273.57%
    130   132 -1.63411e+008  4139  9.60542e+007 -1.66725e+008    31157  273.57%
    132   134 -1.65789e+008  4166  9.60542e+007 -1.66725e+008    31246  273.57%
    133   135 -1.64187e+008  4146  9.60542e+007 -1.66725e+008    31284  273.57%
    135   137 -1.64343e+008  4153  9.60542e+007 -1.66725e+008    31874  273.57%
    136   138 -1.65779e+008  4166  9.60542e+007 -1.66725e+008    31941  273.57%
    137   139 -1.63489e+008  4128  9.60542e+007 -1.66725e+008    32496  273.57%
    139   141 -1.65037e+008  4159  9.60542e+007 -1.66725e+008    32937  273.57%
Elapsed time = 719.92 sec. (292140.08 ticks, tree = 0.01 MB, solutions = 2)
    140   142 -1.65769e+008  4169  9.60542e+007 -1.66725e+008    33036  273.57%
    144   146 -1.65765e+008  4169  9.60542e+007 -1.66725e+008    33573  273.57%
    145   147 -1.63381e+008  4135  9.60542e+007 -1.66725e+008    33981  273.57%
    147   149 -1.65034e+008  4162  9.60542e+007 -1.66725e+008    34104  273.57%
    148   150 -1.65067e+008  4155  9.60542e+007 -1.66725e+008    34527  273.57%
    149   151 -1.64180e+008  4144  9.60542e+007 -1.66725e+008    34578  273.57%
    151   153 -1.64272e+008  4147  9.60542e+007 -1.66725e+008    35296  273.57%
    154   156 -1.61674e+008  4098  9.60542e+007 -1.66725e+008    35962  273.57%
    155   157 -1.65761e+008  4174  9.60542e+007 -1.66725e+008    36011  273.57%
    156   158 -1.63417e+008  4136  9.60542e+007 -1.66725e+008    36475  273.57%
Elapsed time = 734.88 sec. (306451.21 ticks, tree = 1.70 MB, solutions = 2)
    164   166 -1.61566e+008  4105  9.60542e+007 -1.66725e+008    38126  273.57%
    168   170 -1.63378e+008  4133  9.60542e+007 -1.66725e+008    39170  273.57%
    173   175 -1.63372e+008  4131  9.60542e+007 -1.66725e+008    39535  273.57%
    175   177 -1.61775e+008  4111  9.60542e+007 -1.66725e+008    40036  273.57%
    177   179 -1.64955e+008  4156  9.60542e+007 -1.66725e+008    40620  273.57%
    178   180 -1.62580e+008  4125  9.60542e+007 -1.66725e+008    41151  273.57%
    180   182 -1.62585e+008  4125  9.60542e+007 -1.66725e+008    41261  273.57%
    181   183 -1.63394e+008  4129  9.60542e+007 -1.66725e+008    41749  273.57%
    182   184 -1.64944e+008  4155  9.60542e+007 -1.66725e+008    41796  273.57%
    183   185 -1.63392e+008  4145  9.60542e+007 -1.66725e+008    42331  273.57%
Elapsed time = 895.34 sec. (310708.11 ticks, tree = 1.70 MB, solutions = 2)
    184   186 -1.61797e+008  4112  9.60542e+007 -1.66725e+008    42865  273.57%
    185   187 -1.64205e+008  4153  9.60542e+007 -1.66725e+008    42956  273.57%
    186   188 -1.64933e+008  4154  9.60542e+007 -1.66725e+008    42989  273.57%
    188   190 -1.62579e+008  4128  9.60542e+007 -1.66725e+008    43145  273.57%
    189   191 -1.63416e+008  4141  9.60542e+007 -1.66725e+008    43555  273.57%
    190   192 -1.64117e+008  4142  9.60542e+007 -1.66725e+008    44036  273.57%
    192   194 -1.61806e+008  4110  9.60542e+007 -1.66725e+008    44666  273.57%
    193   195 -1.64199e+008  4147  9.60542e+007 -1.66725e+008    44718  273.57%
    194   196 -1.64927e+008  4154  9.60542e+007 -1.66725e+008    44760  273.57%
    196   198 -1.62572e+008  4124  9.60542e+007 -1.66725e+008    44931  273.57%
Elapsed time = 895.34 sec. (325523.65 ticks, tree = 1.70 MB, solutions = 2)
    200   202 -1.61807e+008  4111  9.60542e+007 -1.66725e+008    46302  273.57%
    204   206 -1.63425e+008  4144  9.60542e+007 -1.66725e+008    46944  273.57%
    207   209 -1.64184e+008  4143  9.60542e+007 -1.66725e+008    47577  273.57%
    210   212 -1.63360e+008  4137  9.60542e+007 -1.66725e+008    48606  273.57%
    211   213 -1.64148e+008  4145  9.60542e+007 -1.66725e+008    49117  273.57%
    213   215 -1.64179e+008  4138  9.60542e+007 -1.66725e+008    49269  273.57%
    214   216 -1.64905e+008  4149  9.60542e+007 -1.66725e+008    49324  273.57%
    216   218 -1.63407e+008  4149  9.60542e+007 -1.66725e+008    49780  273.57%
    217   219 -1.64082e+008  4145  9.60542e+007 -1.66725e+008    50298  273.57%
    219   221 -1.62529e+008  4124  9.60542e+007 -1.66725e+008    50827  273.57%
Elapsed time = 895.34 sec. (329647.88 ticks, tree = 1.70 MB, solutions = 2)
    220   222 -1.61741e+008  4109  9.60542e+007 -1.66725e+008    51247  273.57%
    221   223 -1.62523e+008  4122  9.60542e+007 -1.66725e+008    51289  273.57%
    222   224 -1.61750e+008  4123  9.60542e+007 -1.66725e+008    51795  273.57%
    223   225 -1.62516e+008  4122  9.60542e+007 -1.66725e+008    51843  273.57%
    224   226 -1.64901e+008  4149  9.60542e+007 -1.66725e+008    51873  273.57%
    225   227 -1.63362e+008  4132  9.60542e+007 -1.66725e+008    51931  273.57%
    226   228 -1.61751e+008  4121  9.60542e+007 -1.66725e+008    52162  273.57%
    227   229 -1.62365e+008  4104  9.60542e+007 -1.66725e+008    52212  273.57%
    228   230 -1.62563e+008  4128  9.60542e+007 -1.66725e+008    52292  273.57%
    229   231 -1.63399e+008  4142  9.60542e+007 -1.66725e+008    52317  273.57%
Elapsed time = 959.42 sec. (378832.83 ticks, tree = 12.45 MB, solutions = 2)
    230   232 -1.64129e+008  4139  9.60542e+007 -1.66725e+008    52715  273.57%
    231   233 -1.62516e+008  4124  9.60542e+007 -1.66725e+008    53096  273.57%
    232   234 -1.62507e+008  4117  9.60542e+007 -1.66725e+008    53185  273.57%
    233   235 -1.62361e+008  4105  9.60542e+007 -1.66725e+008    53249  273.57%
    234   236 -1.61741e+008  4096  9.60542e+007 -1.66725e+008    53757  273.57%
    236   238 -1.64120e+008  4138  9.60542e+007 -1.66725e+008    53923  273.57%
    237   239 -1.63355e+008  4136  9.60542e+007 -1.66725e+008    54035  273.57%
    238   240 -1.61685e+008  4097  9.60542e+007 -1.66725e+008    54479  273.57%
    239   241 -1.61563e+008  4090  9.60542e+007 -1.66725e+008    54962  273.57%
    240   242 -1.62559e+008  4125  9.60542e+007 -1.66725e+008    55052  273.57%
Elapsed time = 983.44 sec. (402298.62 ticks, tree = 12.45 MB, solutions = 2)
    242   244 -1.63301e+008  4129  9.60542e+007 -1.66725e+008    55541  273.57%
    243   245 -1.62537e+008  4128  9.60542e+007 -1.66725e+008    55913  273.57%
    246   248 -1.61787e+008  4113  9.60542e+007 -1.66725e+008    56584  273.57%
    248   250 -1.64108e+008  4136  9.60542e+007 -1.66725e+008    56659  273.57%
    249   251 -1.63350e+008  4134  9.60542e+007 -1.66725e+008    56742  273.57%
    250   252 -1.61731e+008  4113  9.60542e+007 -1.66725e+008    57139  273.57%
    252   254 -1.61779e+008  4111  9.60542e+007 -1.66725e+008    57413  273.57%
    254   256 -1.63321e+008  4126  9.60542e+007 -1.66725e+008    57927  273.57%
    255   257 -1.62539e+008  4133  9.60542e+007 -1.66725e+008    58445  273.57%
    256   258 -1.61722e+008  4115  9.60542e+007 -1.66725e+008    58566  273.57%
Elapsed time = 1007.73 sec. (410989.33 ticks, tree = 12.45 MB, solutions = 2)
    258   260 -1.60959e+008  4101  9.60542e+007 -1.66725e+008    59448  273.57%
    262   264 -1.60903e+008  4102  9.60542e+007 -1.66725e+008    60128  273.57%
    264   266 -1.61767e+008  4110  9.60542e+007 -1.66725e+008    60351  273.57%
    267   269 -1.62515e+008  4140  9.60542e+007 -1.66725e+008    61128  273.57%
    268   270 -1.60723e+008  4091  9.60542e+007 -1.66725e+008    61646  273.57%
    272   274 -1.63289e+008  4132  9.60542e+007 -1.66725e+008    62095  273.57%
    274   276 -1.63285e+008  4137  9.60542e+007 -1.66725e+008    62253  273.57%
    282   284 -1.61713e+008  4121  9.60542e+007 -1.66725e+008    63638  273.57%
    283   285 -1.63280e+008  4136  9.60542e+007 -1.66725e+008    63667  273.57%
    284   286 -1.63334e+008  4134  9.60542e+007 -1.66725e+008    63760  273.57%
Elapsed time = 1024.61 sec. (430512.53 ticks, tree = 138.65 MB, solutions = 2)
    287   289 -1.60980e+008  4100  9.60542e+007 -1.66725e+008    64375  273.57%
    288   290 -1.60954e+008  4098  9.60542e+007 -1.66725e+008    64885  273.57%
    290   292 -1.62486e+008  4123  9.60542e+007 -1.66725e+008    65824  273.57%
    291   293 -1.60923e+008  4104  9.60542e+007 -1.66725e+008    66319  273.57%
    292   294 -1.60731e+008  4089  9.60542e+007 -1.66725e+008    67155  273.57%
    293   295 -1.61763e+008  4115  9.60542e+007 -1.66725e+008    67201  273.57%
    294   296 -1.61708e+008  4119  9.60542e+007 -1.66725e+008    67224  273.57%
    295   297 -1.62478e+008  4112  9.60542e+007 -1.66725e+008    67261  273.57%
    296   298 -1.60917e+008  4092  9.60542e+007 -1.66725e+008    67325  273.57%
    297   299 -1.61015e+008  4103  9.60542e+007 -1.66725e+008    67779  273.57%
Elapsed time = 1353.78 sec. (439594.85 ticks, tree = 138.65 MB, solutions = 2)
    306   308 -1.61738e+008  4096  9.60542e+007 -1.66725e+008    68790  273.57%
    309   311 -1.61731e+008  4100  9.60542e+007 -1.66725e+008    68952  273.57%
    312   314 -1.61727e+008  4096  9.60542e+007 -1.66725e+008    69058  273.57%
    315   317 -1.61722e+008  4100  9.60542e+007 -1.66725e+008    69646  273.57%
    318   320 -1.60927e+008  4095  9.60542e+007 -1.66725e+008    70197  273.57%
    319   321 -1.60900e+008  4095  9.60542e+007 -1.66725e+008    70782  273.57%
    320   322 -1.61618e+008  4105  9.60542e+007 -1.66725e+008    71160  273.57%
    321   323 -1.60924e+008  4100  9.60542e+007 -1.66725e+008    71217  273.57%
    322   324 -1.61666e+008  4114  9.60542e+007 -1.66725e+008    71272  273.57%
    323   325 -1.62431e+008  4106  9.60542e+007 -1.66725e+008    71304  273.57%
Elapsed time = 1353.78 sec. (446888.37 ticks, tree = 138.65 MB, solutions = 2)
    324   326 -1.60106e+008  4086  9.60542e+007 -1.66725e+008    71836  273.57%
    325   327 -1.61659e+008  4112  9.60542e+007 -1.66725e+008    71871  273.57%
    327   329 -1.60920e+008  4098  9.60542e+007 -1.66725e+008    71977  273.57%
    328   330 -1.61583e+008  4104  9.60542e+007 -1.66725e+008    72336  273.57%
    329   331 -1.60121e+008  4092  9.60542e+007 -1.66725e+008    72738  273.57%
    330   332 -1.62416e+008  4106  9.60542e+007 -1.66725e+008    72844  273.57%
    331   333 -1.60113e+008  4087  9.60542e+007 -1.66725e+008    72901  273.57%
    332   334 -1.61565e+008  4099  9.60542e+007 -1.66725e+008    73326  273.57%
    333   335 -1.59267e+008  4084  9.60542e+007 -1.66725e+008    73741  273.57%
    334   336 -1.61555e+008  4093  9.60542e+007 -1.66725e+008    73835  273.57%
Elapsed time = 1353.78 sec. (458075.65 ticks, tree = 138.65 MB, solutions = 2)
    335   337 -1.59266e+008  4084  9.60542e+007 -1.66725e+008    73854  273.57%
    336   338 -1.60738e+008  4096  9.60542e+007 -1.66725e+008    74456  273.57%
    337   339 -1.58460e+008  4061  9.60542e+007 -1.66725e+008    75084  273.57%
    338   340 -1.61545e+008  4087  9.60542e+007 -1.66725e+008    75132  273.57%
    339   341 -1.60738e+008  4105  9.60542e+007 -1.66725e+008    75604  273.57%
    340   342 -1.61539e+008  4091  9.60542e+007 -1.66725e+008    75680  273.57%
    341   343 -1.60717e+008  4100  9.60542e+007 -1.66725e+008    76241  273.57%
    342   344 -1.61532e+008  4090  9.60542e+007 -1.66725e+008    76289  273.57%
    343   345 -1.63328e+008  4134  9.60542e+007 -1.66725e+008    76397  273.57%
    344   346 -1.60908e+008  4097  9.60542e+007 -1.66725e+008    76459  273.57%
Elapsed time = 1358.41 sec. (558100.14 ticks, tree = 147.94 MB, solutions = 2)
    347   349 -1.60811e+008  4097  9.60542e+007 -1.66725e+008    77139  273.57%
    348   350 -1.60731e+008  4103  9.60542e+007 -1.66725e+008    77554  273.57%
    349   351 -1.62518e+008  4122  9.60542e+007 -1.66725e+008    77949  273.57%
    353   355 -1.61654e+008  4120  9.60542e+007 -1.66725e+008    78192  273.57%
    354   356 -1.61524e+008  4089  9.60542e+007 -1.66725e+008    78245  273.57%
    355   357 -1.63325e+008  4135  9.60542e+007 -1.66725e+008    78288  273.57%
    359   361 -1.60843e+008  4098  9.60542e+007 -1.66725e+008    78954  273.57%
    360   362 -1.60688e+008  4088  9.60542e+007 -1.66725e+008    79292  273.57%
    361   363 -1.63317e+008  4134  9.60542e+007 -1.66725e+008    79378  273.57%
    363   365 -1.60697e+008  4085  9.60542e+007 -1.66725e+008    79878  273.57%
Elapsed time = 1391.06 sec. (566763.15 ticks, tree = 147.94 MB, solutions = 2)
    372   374 -1.60670e+008  4080  9.60542e+007 -1.66725e+008    80677  273.57%
    377   379 -1.61635e+008  4106  9.60542e+007 -1.66725e+008    81026  273.57%
    378   380 -1.61515e+008  4098  9.60542e+007 -1.66725e+008    81069  273.57%
    380   382 -1.60064e+008  4087  9.60542e+007 -1.66725e+008    81748  273.57%
    381   383 -1.60681e+008  4079  9.60542e+007 -1.66725e+008    82071  273.57%
    383   385 -1.61632e+008  4109  9.60542e+007 -1.66725e+008    82159  273.57%
    384   386 -1.60778e+008  4085  9.60542e+007 -1.66725e+008    82603  273.57%
    386   388 -1.60870e+008  4092  9.60542e+007 -1.66725e+008    82686  273.57%
    387   389 -1.60673e+008  4078  9.60542e+007 -1.66725e+008    82718  273.57%
    389   391 -1.60840e+008  4100  9.60542e+007 -1.66725e+008    83224  273.57%
Elapsed time = 1426.17 sec. (576157.10 ticks, tree = 147.94 MB, solutions = 2)
    390   392 -1.61511e+008  4094  9.60542e+007 -1.66725e+008    83321  273.57%
    396   398 -1.61503e+008  4097  9.60542e+007 -1.66725e+008    83698  273.57%
    401   403 -1.60820e+008  4100  9.60542e+007 -1.66725e+008    85066  273.57%
    402   404 -1.61496e+008  4096  9.60542e+007 -1.66725e+008    85127  273.57%
    407   409 -1.61628e+008  4101  9.60542e+007 -1.66725e+008    85399  273.57%
    408   410 -1.61493e+008  4092  9.60542e+007 -1.66725e+008    85479  273.57%
    413   415 -1.60817e+008  4099  9.60542e+007 -1.66725e+008    86241  273.57%
    414   416 -1.61487e+008  4096  9.60542e+007 -1.66725e+008    86279  273.57%
    419   421 -1.61624e+008  4101  9.60542e+007 -1.66725e+008    86484  273.57%
    420   422 -1.61484e+008  4093  9.60542e+007 -1.66725e+008    86545  273.57%
Elapsed time = 1457.55 sec. (584335.42 ticks, tree = 147.94 MB, solutions = 2)
    425   427 -1.60753e+008  4099  9.60542e+007 -1.66725e+008    87764  273.57%
    431   433 -1.61620e+008  4100  9.60542e+007 -1.66725e+008    88479  273.57%
    432   434 -1.60672e+008  4085  9.60542e+007 -1.66725e+008    88888  273.57%
    437   439 -1.60836e+008  4093  9.60542e+007 -1.66725e+008    89537  273.57%
    438   440 -1.61477e+008  4091  9.60542e+007 -1.66725e+008    89630  273.57%
    443   445 -1.60828e+008  4092  9.60542e+007 -1.66725e+008    90713  273.57%
    444   446 -1.61469e+008  4096  9.60542e+007 -1.66725e+008    90764  273.57%
    446   448 -1.59976e+008  4080  9.60542e+007 -1.66725e+008    91641  273.57%
    449   451 -1.59993e+008  4088  9.60542e+007 -1.66725e+008    92555  273.57%
    450   452 -1.60615e+008  4086  9.60542e+007 -1.66725e+008    92975  273.57%
Elapsed time = 1515.16 sec. (595959.52 ticks, tree = 147.94 MB, solutions = 2)
    460   462 -1.60676e+008  4086  9.60542e+007 -1.66725e+008    94867  273.57%
    465   467 -1.61458e+008  4093  9.60542e+007 -1.66725e+008    95566  273.57%
    470   472 -1.60607e+008  4085  9.60542e+007 -1.66725e+008    96939  273.57%
    472   474 -1.60011e+008  4081  9.60542e+007 -1.66725e+008    97364  273.57%
    476   478 -1.60819e+008  4093  9.60542e+007 -1.66725e+008    97598  273.57%
    477   479 -1.59010e+008  4063  9.60542e+007 -1.66725e+008    98081  273.57%
    478   480 -1.57553e+008  4049  9.60542e+007 -1.66725e+008    98480  273.57%
    480   482 -1.60010e+008  4079  9.60542e+007 -1.66725e+008    98923  273.57%
    481   483 -1.59815e+008  4076  9.60542e+007 -1.66725e+008    98959  273.57%
    483   485 -1.58946e+008  4065  9.60542e+007 -1.66725e+008    99489  273.57%
Elapsed time = 1515.16 sec. (605497.91 ticks, tree = 147.94 MB, solutions = 2)
    487   489 -1.59138e+008  4072  9.60542e+007 -1.66725e+008   100602  273.57%
    492   494 -1.60618e+008  4081  9.60542e+007 -1.66725e+008   101453  273.57%
    493   495 -1.59980e+008  4079  9.60542e+007 -1.66725e+008   101515  273.57%
    494   496 -1.59943e+008  4086  9.60542e+007 -1.66725e+008   101918  273.57%
    495   497 -1.59028e+008  4063  9.60542e+007 -1.66725e+008   102308  273.57%
    497   499 -1.60007e+008  4082  9.60542e+007 -1.66725e+008   102869  273.57%
    498   500 -1.61447e+008  4096  9.60542e+007 -1.66725e+008   102920  273.57%
    499   501 -1.59181e+008  4076  9.60542e+007 -1.66725e+008   103415  273.57%
    500   502 -1.60814e+008  4096  9.60542e+007 -1.66725e+008   103449  273.57%
    501   503 -1.59811e+008  4075  9.60542e+007 -1.66725e+008   103474  273.57%
Elapsed time = 1550.34 sec. (612339.24 ticks, tree = 132.99 MB, solutions = 2)
    504   506 -1.60647e+008  4083  9.60542e+007 -1.66725e+008   104443  273.57%
    505   507 -1.59173e+008  4074  9.60542e+007 -1.66725e+008   104484  273.57%
    510   512 -1.61440e+008  4094  9.60542e+007 -1.66725e+008   104739  273.57%
    511   513 -1.59166e+008  4077  9.60542e+007 -1.66725e+008   104879  273.57%
    514   516 -1.57466e+008  4045  9.60542e+007 -1.66725e+008   105689  273.57%
    515   517 -1.60007e+008  4092  9.60542e+007 -1.66725e+008   106120  273.57%
    516   518 -1.60614e+008  4088  9.60542e+007 -1.66725e+008   106678  273.57%
    517   519 -1.58316e+008  4060  9.60542e+007 -1.66725e+008   107132  273.57%
    519   521 -1.58976e+008  4061  9.60542e+007 -1.66725e+008   107654  273.57%
    520   522 -1.58318e+008  4067  9.60542e+007 -1.66725e+008   107706  273.57%
Elapsed time = 1574.13 sec. (618910.37 ticks, tree = 132.99 MB, solutions = 2)
    522   524 -1.61434e+008  4096  9.60542e+007 -1.66725e+008   107821  273.57%
    523   525 -1.59165e+008  4081  9.60542e+007 -1.66725e+008   107838  273.57%
    527   529 -1.59954e+008  4081  9.60542e+007 -1.66725e+008   108995  273.57%
    528   530 -1.60624e+008  4093  9.60542e+007 -1.66725e+008   109382  273.57%
    529   531 -1.59163e+008  4084  9.60542e+007 -1.66725e+008   109439  273.57%
    533   535 -1.60797e+008  4094  9.60542e+007 -1.66725e+008   110010  273.57%
    534   536 -1.61430e+008  4099  9.60542e+007 -1.66725e+008   110053  273.57%
    535   537 -1.59160e+008  4086  9.60542e+007 -1.66725e+008   110106  273.57%
    537   539 -1.59789e+008  4065  9.60542e+007 -1.66725e+008   110186  273.57%
    538   540 -1.58305e+008  4058  9.60542e+007 -1.66725e+008   110223  273.57%
Elapsed time = 1590.58 sec. (623142.00 ticks, tree = 132.99 MB, solutions = 2)
    539   541 -1.60049e+008  4093  9.60542e+007 -1.66725e+008   110800  273.57%
    540   542 -1.60649e+008  4081  9.60542e+007 -1.66725e+008   111306  273.57%
    541   543 -1.58351e+008  4067  9.60542e+007 -1.66725e+008   111802  273.57%
    543   545 -1.59060e+008  4066  9.60542e+007 -1.66725e+008   112836  273.57%
    544   546 -1.57498e+008  4046  9.60542e+007 -1.66725e+008   113407  273.57%
    545   547 -1.60792e+008  4089  9.60542e+007 -1.66725e+008   113486  273.57%
    546   548 -1.61425e+008  4100  9.60542e+007 -1.66725e+008   113514  273.57%
    547   549 -1.59160e+008  4082  9.60542e+007 -1.66725e+008   113543  273.57%
    549   551 -1.59051e+008  4060  9.60542e+007 -1.66725e+008   113627  273.57%
    550   552 -1.58299e+008  4055  9.60542e+007 -1.66725e+008   113670  273.57%
Elapsed time = 1613.67 sec. (628769.85 ticks, tree = 132.99 MB, solutions = 2)
    551   553 -1.60000e+008  4091  9.60542e+007 -1.66725e+008   114085  273.57%
    552   554 -1.61418e+008  4097  9.60542e+007 -1.66725e+008   114149  273.57%
    556   558 -1.57476e+008  4043  9.60542e+007 -1.66725e+008   115379  273.57%
    557   559 -1.60786e+008  4098  9.60542e+007 -1.66725e+008   115441  273.57%
    558   560 -1.60584e+008  4090  9.60542e+007 -1.66725e+008   115954  273.57%
    562   564 -1.58292e+008  4056  9.60542e+007 -1.66725e+008   116192  273.57%
    563   565 -1.59924e+008  4083  9.60542e+007 -1.66725e+008   116668  273.57%
    564   566 -1.60576e+008  4087  9.60542e+007 -1.66725e+008   116725  273.57%
    565   567 -1.58284e+008  4061  9.60542e+007 -1.66725e+008   117231  273.57%
    568   570 -1.57487e+008  4041  9.60542e+007 -1.66725e+008   118202  273.57%
Elapsed time = 1645.69 sec. (640363.47 ticks, tree = 132.99 MB, solutions = 2)
    569   571 -1.60782e+008  4092  9.60542e+007 -1.66725e+008   118273  273.57%
    575   577 -1.60775e+008  4094  9.60542e+007 -1.66725e+008   118598  273.57%
    576   578 -1.59755e+008  4076  9.60542e+007 -1.66725e+008   119065  273.57%
    580   582 -1.57462e+008  4037  9.60542e+007 -1.66725e+008   120646  273.57%
    581   583 -1.60772e+008  4086  9.60542e+007 -1.66725e+008   120681  273.57%
    582   584 -1.60560e+008  4095  9.60542e+007 -1.66725e+008   120718  273.57%
    586   588 -1.58276e+008  4052  9.60542e+007 -1.66725e+008   120998  273.57%
    587   589 -1.60765e+008  4098  9.60542e+007 -1.66725e+008   121077  273.57%
    588   590 -1.59756e+008  4068  9.60542e+007 -1.66725e+008   121519  273.57%
    592   594 -1.57459e+008  4038  9.60542e+007 -1.66725e+008   122427  273.57%
Elapsed time = 1660.70 sec. (650677.13 ticks, tree = 132.99 MB, solutions = 2)
    600   602 -1.59705e+008  4076  9.60542e+007 -1.66725e+008   123526  273.57%
    604   606 -1.57501e+008  4048  9.60542e+007 -1.66725e+008   125241  273.57%
    606   608 -1.60545e+008  4087  9.60542e+007 -1.66725e+008   125377  273.57%
    610   612 -1.59952e+008  4081  9.60542e+007 -1.66725e+008   126079  273.57%
    611   613 -1.57544e+008  4048  9.60542e+007 -1.66725e+008   126556  273.57%
    614   616 -1.58324e+008  4073  9.60542e+007 -1.66725e+008   126727  273.57%
    617   619 -1.58319e+008  4067  9.60542e+007 -1.66725e+008   127643  273.57%
    623   625 -1.58146e+008  4051  9.60542e+007 -1.66725e+008   128730  273.57%
    625   627 -1.57309e+008  4035  9.60542e+007 -1.66725e+008   129261  273.57%
    626   628 -1.59066e+008  4060  9.60542e+007 -1.66725e+008   129686  273.57%
Elapsed time = 1683.86 sec. (657765.41 ticks, tree = 132.99 MB, solutions = 2)
    627   629 -1.59799e+008  4072  9.60542e+007 -1.66725e+008   130166  273.57%
    628   630 -1.57456e+008  4057  9.60542e+007 -1.66725e+008   130619  273.57%
    629   631 -1.59923e+008  4074  9.60542e+007 -1.66725e+008   130652  273.57%
    630   632 -1.58142e+008  4050  9.60542e+007 -1.66725e+008   130673  273.57%
    631   633 -1.58268e+008  4060  9.60542e+007 -1.66725e+008   130787  273.57%
    632   634 -1.60746e+008  4084  9.60542e+007 -1.66725e+008   130872  273.57%
    633   635 -1.60539e+008  4085  9.60542e+007 -1.66725e+008   130905  273.57%
    634   636 -1.58314e+008  4071  9.60542e+007 -1.66725e+008   130932  273.57%
    635   637 -1.59065e+008  4076  9.60542e+007 -1.66725e+008   131438  273.57%
    636   638 -1.57347e+008  4037  9.60542e+007 -1.66725e+008   131801  273.57%
Elapsed time = 1712.34 sec. (666204.27 ticks, tree = 146.77 MB, solutions = 2)
    639   641 -1.59750e+008  4071  9.60542e+007 -1.66725e+008   132673  273.57%
    640   642 -1.57454e+008  4057  9.60542e+007 -1.66725e+008   133388  273.57%
    645   647 -1.60533e+008  4092  9.60542e+007 -1.66725e+008   133627  273.57%
    646   648 -1.58309e+008  4074  9.60542e+007 -1.66725e+008   133658  273.57%
    647   649 -1.59059e+008  4059  9.60542e+007 -1.66725e+008   134047  273.57%
    648   650 -1.57417e+008  4037  9.60542e+007 -1.66725e+008   134403  273.57%
    651   653 -1.59673e+008  4075  9.60542e+007 -1.66725e+008   134907  273.57%
    652   654 -1.57449e+008  4050  9.60542e+007 -1.66725e+008   135244  273.57%
    653   655 -1.59916e+008  4076  9.60542e+007 -1.66725e+008   135271  273.57%
    654   656 -1.58136e+008  4051  9.60542e+007 -1.66725e+008   135322  273.57%
Elapsed time = 1746.84 sec. (671006.71 ticks, tree = 146.77 MB, solutions = 2)
    657   659 -1.60529e+008  4089  9.60542e+007 -1.66725e+008   135819  273.57%
    658   660 -1.58306e+008  4071  9.60542e+007 -1.66725e+008   135866  273.57%
    663   665 -1.60520e+008  4088  9.60542e+007 -1.66725e+008   136049  273.57%
    664   666 -1.58299e+008  4065  9.60542e+007 -1.66725e+008   136087  273.57%
    665   667 -1.59072e+008  4076  9.60542e+007 -1.66725e+008   136511  273.57%
    666   668 -1.57292e+008  4034  9.60542e+007 -1.66725e+008   136998  273.57%
    669   671 -1.59692e+008  4068  9.60542e+007 -1.66725e+008   137549  273.57%
    670   672 -1.57464e+008  4056  9.60542e+007 -1.66725e+008   137894  273.57%
    671   673 -1.59901e+008  4078  9.60542e+007 -1.66725e+008   137937  273.57%
    672   674 -1.58132e+008  4049  9.60542e+007 -1.66725e+008   138003  273.57%
Elapsed time = 1761.78 sec. (677297.98 ticks, tree = 146.77 MB, solutions = 2)
    675   677 -1.60517e+008  4090  9.60542e+007 -1.66725e+008   138148  273.57%
    676   678 -1.58291e+008  4067  9.60542e+007 -1.66725e+008   138207  273.57%
    678   680 -1.57325e+008  4029  9.60542e+007 -1.66725e+008   139109  273.57%
    681   683 -1.59707e+008  4073  9.60542e+007 -1.66725e+008   139938  273.57%
    682   684 -1.57472e+008  4046  9.60542e+007 -1.66725e+008   140408  273.57%
    683   685 -1.59892e+008  4072  9.60542e+007 -1.66725e+008   140465  273.57%
    684   686 -1.58129e+008  4052  9.60542e+007 -1.66725e+008   140512  273.57%
    687   689 -1.60512e+008  4085  9.60542e+007 -1.66725e+008   141058  273.57%
    688   690 -1.58282e+008  4076  9.60542e+007 -1.66725e+008   141141  273.57%
    689   691 -1.59102e+008  4065  9.60542e+007 -1.66725e+008   141554  273.57%
Elapsed time = 1782.19 sec. (685574.92 ticks, tree = 146.77 MB, solutions = 2)
    693   695 -1.59703e+008  4086  9.60542e+007 -1.66725e+008   142096  273.57%
    694   696 -1.57493e+008  4048  9.60542e+007 -1.66725e+008   142551  273.57%
    699   701 -1.60504e+008  4090  9.60542e+007 -1.66725e+008   144160  273.57%
    700   702 -1.58278e+008  4072  9.60542e+007 -1.66725e+008   144206  273.57%
    701   703 -1.59093e+008  4061  9.60542e+007 -1.66725e+008   144601  273.57%
    705   707 -1.59675e+008  4081  9.60542e+007 -1.66725e+008   145376  273.57%
    706   708 -1.57484e+008  4042  9.60542e+007 -1.66725e+008   145782  273.57%
    707   709 -1.59886e+008  4072  9.60542e+007 -1.66725e+008   145805  273.57%
    708   710 -1.57297e+008  4033  9.60542e+007 -1.66725e+008   146323  273.57%
    711   713 -1.60497e+008  4090  9.60542e+007 -1.66725e+008   147318  273.57%
Elapsed time = 1812.09 sec. (697009.68 ticks, tree = 146.77 MB, solutions = 2)
    717   719 -1.59656e+008  4080  9.60542e+007 -1.66725e+008   148403  273.57%
    718   720 -1.57520e+008  4051  9.60542e+007 -1.66725e+008   148944  273.57%
    723   725 -1.60492e+008  4089  9.60542e+007 -1.66725e+008   150515  273.57%
    724   726 -1.58270e+008  4078  9.60542e+007 -1.66725e+008   150580  273.57%
    729   731 -1.59778e+008  4088  9.60542e+007 -1.66725e+008   151529  273.57%
    730   732 -1.57485e+008  4041  9.60542e+007 -1.66725e+008   151978  273.57%
    732   734 -1.57308e+008  4036  9.60542e+007 -1.66725e+008   152441  273.57%
    735   737 -1.60486e+008  4087  9.60542e+007 -1.66725e+008   153513  273.57%
    736   738 -1.58268e+008  4072  9.60542e+007 -1.66725e+008   153532  273.57%
    737   739 -1.59171e+008  4072  9.60542e+007 -1.66725e+008   153995  273.57%
Elapsed time = 1848.13 sec. (704413.81 ticks, tree = 146.77 MB, solutions = 2)
    741   743 -1.59677e+008  4078  9.60542e+007 -1.66725e+008   154678  273.57%
    742   744 -1.57563e+008  4047  9.60542e+007 -1.66725e+008   155289  273.57%
    747   749 -1.60482e+008  4090  9.60542e+007 -1.66725e+008   156415  273.57%
    749   751 -1.58094e+008  4055  9.60542e+007 -1.66725e+008   156493  273.57%
    752   754 -1.60475e+008  4087  9.60542e+007 -1.66725e+008   157024  273.57%
    754   756 -1.57307e+008  4039  9.60542e+007 -1.66725e+008   157599  273.57%
    757   759 -1.59653e+008  4078  9.60542e+007 -1.66725e+008   158609  273.57%
    759   761 -1.58170e+008  4054  9.60542e+007 -1.66725e+008   158716  273.57%
    760   762 -1.59875e+008  4081  9.60542e+007 -1.66725e+008   159205  273.57%
    762   764 -1.58163e+008  4054  9.60542e+007 -1.66725e+008   159286  273.57%
Elapsed time = 1869.91 sec. (709305.75 ticks, tree = 146.77 MB, solutions = 2)
    766   768 -1.59872e+008  4085  9.60542e+007 -1.66725e+008   159868  273.57%
    773   775 -1.59083e+008  4069  9.60542e+007 -1.66725e+008   160603  273.57%
    774   776 -1.58135e+008  4049  9.60542e+007 -1.66725e+008   160701  273.57%
    775   777 -1.60467e+008  4086  9.60542e+007 -1.66725e+008   160796  273.57%
    776   778 -1.58266e+008  4069  9.60542e+007 -1.66725e+008   160853  273.57%
    777   779 -1.59815e+008  4076  9.60542e+007 -1.66725e+008   160907  273.57%
    778   780 -1.58092e+008  4052  9.60542e+007 -1.66725e+008   160968  273.57%
    779   781 -1.58130e+008  4048  9.60542e+007 -1.66725e+008   161024  273.57%
    780   782 -1.59863e+008  4085  9.60542e+007 -1.66725e+008   161060  273.57%
    781   783 -1.59669e+008  4074  9.60542e+007 -1.66725e+008   161447  273.57%
Elapsed time = 1891.94 sec. (723143.01 ticks, tree = 169.61 MB, solutions = 2)
    793   795 -1.59675e+008  4081  9.60542e+007 -1.66725e+008   163543  273.57%
    799   801 -1.60457e+008  4085  9.60542e+007 -1.66725e+008   163880  273.57%
    805   807 -1.59677e+008  4089  9.60542e+007 -1.66725e+008   164594  273.57%
    809   811 -1.58105e+008  4049  9.60542e+007 -1.66725e+008   164775  273.57%
    811   813 -1.60452e+008  4088  9.60542e+007 -1.66725e+008   164861  273.57%
    815   817 -1.58097e+008  4049  9.60542e+007 -1.66725e+008   165051  273.57%
    817   819 -1.59616e+008  4066  9.60542e+007 -1.66725e+008   165492  273.57%
    820   822 -1.58060e+008  4045  9.60542e+007 -1.66725e+008   165589  273.57%
    821   823 -1.58093e+008  4047  9.60542e+007 -1.66725e+008   165660  273.57%
    822   824 -1.59012e+008  4079  9.60542e+007 -1.66725e+008   166082  273.57%
Elapsed time = 1944.16 sec. (730732.14 ticks, tree = 169.61 MB, solutions = 2)
    823   825 -1.60449e+008  4087  9.60542e+007 -1.66725e+008   166127  273.57%
    829   831 -1.60438e+008  4085  9.60542e+007 -1.66725e+008   166788  273.57%
    835   837 -1.60429e+008  4087  9.60542e+007 -1.66725e+008   167107  273.57%
    841   843 -1.60422e+008  4087  9.60542e+007 -1.66725e+008   167377  273.57%
    845   847 -1.57376e+008  4034  9.60542e+007 -1.66725e+008   168103  273.57%
    846   848 -1.58985e+008  4070  9.60542e+007 -1.66725e+008   168177  273.57%
    847   849 -1.60412e+008  4085  9.60542e+007 -1.66725e+008   168203  273.57%
    849   851 -1.58955e+008  4064  9.60542e+007 -1.66725e+008   168668  273.57%
    851   853 -1.58082e+008  4043  9.60542e+007 -1.66725e+008   168758  273.57%
    852   854 -1.58984e+008  4074  9.60542e+007 -1.66725e+008   168800  273.57%
Elapsed time = 1953.78 sec. (735214.49 ticks, tree = 169.61 MB, solutions = 2)
    853   855 -1.59630e+008  4074  9.60542e+007 -1.66725e+008   169270  273.57%
    855   857 -1.59746e+008  4076  9.60542e+007 -1.66725e+008   169402  273.57%
    857   859 -1.58074e+008  4055  9.60542e+007 -1.66725e+008   169530  273.57%
    859   861 -1.60406e+008  4088  9.60542e+007 -1.66725e+008   169630  273.57%
    861   863 -1.58962e+008  4058  9.60542e+007 -1.66725e+008   170390  273.57%
    863   865 -1.57246e+008  4031  9.60542e+007 -1.66725e+008   170818  273.57%
    865   867 -1.60401e+008  4089  9.60542e+007 -1.66725e+008   170905  273.57%
    867   869 -1.59744e+008  4070  9.60542e+007 -1.66725e+008   171030  273.57%
    869   871 -1.58070e+008  4051  9.60542e+007 -1.66725e+008   171134  273.57%
    870   872 -1.58269e+008  4061  9.60542e+007 -1.66725e+008   171604  273.57%
Elapsed time = 1972.83 sec. (741401.58 ticks, tree = 169.61 MB, solutions = 2)
    871   873 -1.60395e+008  4089  9.60542e+007 -1.66725e+008   171676  273.57%
    873   875 -1.58964e+008  4055  9.60542e+007 -1.66725e+008   172096  273.57%
    875   877 -1.57293e+008  4044  9.60542e+007 -1.66725e+008   172665  273.57%
    877   879 -1.60391e+008  4084  9.60542e+007 -1.66725e+008   172777  273.57%
    879   881 -1.59739e+008  4072  9.60542e+007 -1.66725e+008   172882  273.57%
    881   883 -1.58067e+008  4047  9.60542e+007 -1.66725e+008   172995  273.57%
    883   885 -1.60388e+008  4085  9.60542e+007 -1.66725e+008   173113  273.57%
    885   887 -1.58903e+008  4059  9.60542e+007 -1.66725e+008   173571  273.57%
    887   889 -1.57301e+008  4034  9.60542e+007 -1.66725e+008   174115  273.57%
    888   890 -1.58138e+008  4054  9.60542e+007 -1.66725e+008   174536  273.57%
Elapsed time = 2010.80 sec. (746928.67 ticks, tree = 169.61 MB, solutions = 2)
    891   893 -1.58896e+008  4061  9.60542e+007 -1.66725e+008   174690  273.57%
    893   895 -1.58063e+008  4048  9.60542e+007 -1.66725e+008   174809  273.57%
    895   897 -1.60372e+008  4081  9.60542e+007 -1.66725e+008   174951  273.57%
    897   899 -1.58032e+008  4048  9.60542e+007 -1.66725e+008   175886  273.57%
    899   901 -1.57206e+008  4034  9.60542e+007 -1.66725e+008   176456  273.57%
    900   902 -1.58185e+008  4055  9.60542e+007 -1.66725e+008   176997  273.57%
    901   903 -1.60363e+008  4080  9.60542e+007 -1.66725e+008   177034  273.57%
    903   905 -1.58890e+008  4058  9.60542e+007 -1.66725e+008   177145  273.57%
    905   907 -1.58058e+008  4047  9.60542e+007 -1.66725e+008   177265  273.57%
    906   908 -1.58961e+008  4072  9.60542e+007 -1.66725e+008   177306  273.57%
Elapsed time = 2032.44 sec. (753617.48 ticks, tree = 169.61 MB, solutions = 2)
    909   911 -1.58060e+008  4043  9.60542e+007 -1.66725e+008   178261  273.57%
    911   913 -1.58056e+008  4053  9.60542e+007 -1.66725e+008   178838  273.57%
    912   914 -1.58194e+008  4057  9.60542e+007 -1.66725e+008   179334  273.57%
    915   917 -1.58884e+008  4059  9.60542e+007 -1.66725e+008   179531  273.57%
    917   919 -1.58054e+008  4056  9.60542e+007 -1.66725e+008   179688  273.57%
    918   920 -1.58956e+008  4072  9.60542e+007 -1.66725e+008   179732  273.57%
    921   923 -1.58083e+008  4042  9.60542e+007 -1.66725e+008   180732  273.57%
    923   925 -1.58045e+008  4051  9.60542e+007 -1.66725e+008   181236  273.57%
    924   926 -1.58097e+008  4057  9.60542e+007 -1.66725e+008   181635  273.57%
    928   930 -1.58042e+008  4056  9.60542e+007 -1.66725e+008   181892  273.57%
Elapsed time = 2079.09 sec. (765708.60 ticks, tree = 169.61 MB, solutions = 2)
    948   950 -1.58018e+008  4058  9.60542e+007 -1.66725e+008   184153  273.57%
    953   955 -1.58013e+008  4065  9.60542e+007 -1.66725e+008   184694  273.57%
    958   960 -1.57201e+008  4043  9.60542e+007 -1.66725e+008   185193  273.57%
    963   965 -1.58008e+008  4062  9.60542e+007 -1.66725e+008   185885  273.57%
    968   970 -1.58000e+008  4055  9.60542e+007 -1.66725e+008   186064  273.57%
    969   971 -1.58897e+008  4063  9.60542e+007 -1.66725e+008   186133  273.57%
    970   972 -1.58699e+008  4064  9.60542e+007 -1.66725e+008   186574  273.57%
    973   975 -1.57159e+008  4042  9.60542e+007 -1.66725e+008   187199  273.57%
    974   976 -1.58891e+008  4064  9.60542e+007 -1.66725e+008   187241  273.57%
    975   977 -1.59473e+008  4070  9.60542e+007 -1.66725e+008   187289  273.57%
Elapsed time = 2079.09 sec. (774273.63 ticks, tree = 169.61 MB, solutions = 2)
    979   981 -1.58707e+008  4062  9.60542e+007 -1.66725e+008   187806  273.57%
    989   991 -1.57254e+008  4055  9.60542e+007 -1.66725e+008   189690  273.57%
    990   992 -1.59469e+008  4067  9.60542e+007 -1.66725e+008   189739  273.57%
    991   993 -1.58072e+008  4060  9.60542e+007 -1.66725e+008   189796  273.57%
    992   994 -1.58878e+008  4058  9.60542e+007 -1.66725e+008   189846  273.57%
    993   995 -1.57903e+008  4040  9.60542e+007 -1.66725e+008   189914  273.57%
    994   996 -1.57992e+008  4060  9.60542e+007 -1.66725e+008   189966  273.57%
    995   997 -1.58871e+008  4062  9.60542e+007 -1.66725e+008   189988  273.57%
    996   998 -1.58610e+008  4056  9.60542e+007 -1.66725e+008   190207  273.57%
    997   999 -1.57228e+008  4043  9.60542e+007 -1.66725e+008   190437  273.57%
Elapsed time = 2198.94 sec. (813261.85 ticks, tree = 187.89 MB, solutions = 2)
   1009  1011 -1.57218e+008  4043  9.60542e+007 -1.66725e+008   192320  273.57%
   1012  1014 -1.57190e+008  4043  9.60542e+007 -1.66725e+008   192781  273.57%
   1013  1015 -1.58015e+008  4058  9.60542e+007 -1.66725e+008   193019  273.57%
   1014  1016 -1.58578e+008  4054  9.60542e+007 -1.66725e+008   193275  273.57%
   1015  1017 -1.58064e+008  4059  9.60542e+007 -1.66725e+008   193307  273.57%
   1018  1020 -1.57981e+008  4059  9.60542e+007 -1.66725e+008   193446  273.57%
   1019  1021 -1.58863e+008  4063  9.60542e+007 -1.66725e+008   193484  273.57%
   1020  1022 -1.59460e+008  4077  9.60542e+007 -1.66725e+008   193525  273.57%
   1021  1023 -1.57245e+008  4041  9.60542e+007 -1.66725e+008   193721  273.57%
   1024  1026 -1.57210e+008  4035  9.60542e+007 -1.66725e+008   194360  273.57%
Elapsed time = 2220.25 sec. (823812.18 ticks, tree = 187.89 MB, solutions = 2)
   1033  1035 -1.57260e+008  4042  9.60542e+007 -1.66725e+008   195663  273.57%
   1036  1038 -1.57211e+008  4043  9.60542e+007 -1.66725e+008   196068  273.57%
   1039  1041 -1.58059e+008  4053  9.60542e+007 -1.66725e+008   196372  273.57%
   1042  1044 -1.57969e+008  4051  9.60542e+007 -1.66725e+008   196774  273.57%
   1043  1045 -1.58858e+008  4061  9.60542e+007 -1.66725e+008   196814  273.57%
   1044  1046 -1.58608e+008  4064  9.60542e+007 -1.66725e+008   197042  273.57%
   1045  1047 -1.57227e+008  4050  9.60542e+007 -1.66725e+008   197269  273.57%
   1048  1050 -1.57196e+008  4040  9.60542e+007 -1.66725e+008   197552  273.57%
   1049  1051 -1.58025e+008  4046  9.60542e+007 -1.66725e+008   197837  273.57%
   1050  1052 -1.59436e+008  4080  9.60542e+007 -1.66725e+008   197889  273.57%
Elapsed time = 2242.47 sec. (830759.73 ticks, tree = 187.89 MB, solutions = 2)
   1054  1056 -1.57963e+008  4054  9.60542e+007 -1.66725e+008   198243  273.57%
   1056  1058 -1.58586e+008  4065  9.60542e+007 -1.66725e+008   198537  273.57%
   1060  1062 -1.57129e+008  4045  9.60542e+007 -1.66725e+008   199109  273.57%
   1062  1064 -1.59428e+008  4078  9.60542e+007 -1.66725e+008   199212  273.57%
   1063  1065 -1.58041e+008  4048  9.60542e+007 -1.66725e+008   199262  273.57%
   1066  1068 -1.57961e+008  4055  9.60542e+007 -1.66725e+008   199383  273.57%
   1067  1069 -1.57995e+008  4047  9.60542e+007 -1.66725e+008   199632  273.57%
   1068  1070 -1.58574e+008  4056  9.60542e+007 -1.66725e+008   199925  273.57%
   1069  1071 -1.58036e+008  4048  9.60542e+007 -1.66725e+008   199978  273.57%
   1072  1074 -1.57159e+008  4036  9.60542e+007 -1.66725e+008   200786  273.57%
Elapsed time = 2264.00 sec. (843970.64 ticks, tree = 187.89 MB, solutions = 2)
   1084  1086 -1.57187e+008  4034  9.60542e+007 -1.66725e+008   202355  273.57%
   1089  1091 -1.58047e+008  4054  9.60542e+007 -1.66725e+008   202813  273.57%
   1123  1125 -1.59416e+008  4072  9.60542e+007 -1.66725e+008   205772  273.57%
   1124  1126 -1.57963e+008  4059  9.60542e+007 -1.66725e+008   205841  273.57%
   1125  1127 -1.57949e+008  4044  9.60542e+007 -1.66725e+008   205893  273.57%
   1126  1128 -1.57821e+008  4048  9.60542e+007 -1.66725e+008   205932  273.57%
   1127  1129 -1.57953e+008  4053  9.60542e+007 -1.66725e+008   206004  273.57%
   1128  1130 -1.58829e+008  4059  9.60542e+007 -1.66725e+008   206048  273.57%
   1129  1131 -1.58646e+008  4054  9.60542e+007 -1.66725e+008   206360  273.57%
   1130  1132 -1.57957e+008  4058  9.60542e+007 -1.66725e+008   206407  273.57%
Elapsed time = 2291.06 sec. (851275.08 ticks, tree = 1183.34 MB, solutions = 2)
*  1132+ 1132                      9.60366e+007 -1.66725e+008           273.61%
   1132  1134 -1.57023e+008  4035  9.60366e+007 -1.66725e+008   206886  273.61%
   1135  1137 -1.59413e+008  4075  9.60366e+007 -1.66725e+008   207270  273.61%
   1136  1138 -1.57954e+008  4054  9.60366e+007 -1.66725e+008   207304  273.61%
   1140  1142 -1.58582e+008  4046  9.60366e+007 -1.66725e+008   208139  273.61%
   1141  1143 -1.57150e+008  4031  9.60366e+007 -1.66725e+008   208540  273.61%
   1143  1145 -1.57959e+008  4056  9.60366e+007 -1.66725e+008   208635  273.61%
   1144  1146 -1.59411e+008  4078  9.60366e+007 -1.66725e+008   208705  273.61%
   1145  1147 -1.57936e+008  4044  9.60366e+007 -1.66725e+008   208781  273.61%
   1147  1149 -1.57952e+008  4050  9.60366e+007 -1.66725e+008   208874  273.61%
   1148  1150 -1.58558e+008  4059  9.60366e+007 -1.66725e+008   209357  273.61%
Elapsed time = 2624.23 sec. (873606.54 ticks, tree = 1183.34 MB, solutions = 2)
   1156  1158 -1.58560e+008  4059  9.60366e+007 -1.66725e+008   210521  273.61%
   1157  1159 -1.57127e+008  4042  9.60366e+007 -1.66725e+008   210924  273.61%
   1160  1162 -1.59399e+008  4075  9.60366e+007 -1.66725e+008   211111  273.61%
   1163  1165 -1.58595e+008  4049  9.60366e+007 -1.66725e+008   211669  273.61%
   1166  1168 -1.59398e+008  4074  9.60366e+007 -1.66725e+008   211792  273.61%
   1169  1171 -1.58592e+008  4056  9.60366e+007 -1.66725e+008   212265  273.61%
   1172  1174 -1.59392e+008  4067  9.60366e+007 -1.66725e+008   212367  273.61%
   1175  1177 -1.59387e+008  4070  9.60366e+007 -1.66725e+008   212556  273.61%
   1178  1180 -1.58536e+008  4054  9.60366e+007 -1.66725e+008   213258  273.61%
   1181  1183 -1.59380e+008  4068  9.60366e+007 -1.66725e+008   213464  273.61%
Elapsed time = 2624.23 sec. (905060.41 ticks, tree = 1183.34 MB, solutions = 2)
   1184  1186 -1.58570e+008  4048  9.60366e+007 -1.66725e+008   214010  273.61%
   1187  1189 -1.58564e+008  4045  9.60366e+007 -1.66725e+008   214647  273.61%
   1190  1192 -1.57733e+008  4044  9.60366e+007 -1.66725e+008   215155  273.61%
   1193  1195 -1.58562e+008  4042  9.60366e+007 -1.66725e+008   215600  273.61%
   1196  1198 -1.57784e+008  4036  9.60366e+007 -1.66725e+008   216469  273.61%
   1199  1201 -1.58554e+008  4043  9.60366e+007 -1.66725e+008   216650  273.61%
   1202  1204 -1.58553e+008  4039  9.60366e+007 -1.66725e+008   217112  273.61%
   1205  1207 -1.57742e+008  4039  9.60366e+007 -1.66725e+008   217725  273.61%
   1206  1208 -1.57074e+008  4039  9.60366e+007 -1.66725e+008   218101  273.61%
   1208  1210 -1.57829e+008  4053  9.60366e+007 -1.66725e+008   218745  273.61%
Elapsed time = 2624.23 sec. (913744.62 ticks, tree = 1183.34 MB, solutions = 2)
   1210  1212 -1.56987e+008  4030  9.60366e+007 -1.66725e+008   219215  273.61%
   1212  1214 -1.57822e+008  4052  9.60366e+007 -1.66725e+008   219662  273.61%
   1214  1216 -1.57816e+008  4055  9.60366e+007 -1.66725e+008   219790  273.61%
   1216  1218 -1.57809e+008  4056  9.60366e+007 -1.66725e+008   220272  273.61%
   1218  1220 -1.57802e+008  4053  9.60366e+007 -1.66725e+008   220404  273.61%
   1223  1225 -1.55315e+008  4008  9.60366e+007 -1.66725e+008   221689  273.61%
   1224  1226 -1.56164e+008  4021  9.60366e+007 -1.66725e+008   221771  273.61%
   1225  1227 -1.55333e+008  4005  9.60366e+007 -1.66725e+008   222167  273.61%
   1226  1228 -1.58548e+008  4042  9.60366e+007 -1.66725e+008   222236  273.61%
   1227  1229 -1.57946e+008  4055  9.60366e+007 -1.66725e+008   222266  273.61%
Elapsed time = 2628.41 sec. (991454.07 ticks, tree = 1213.71 MB, solutions = 4)
   1232  1234 -1.57747e+008  4034  9.60366e+007 -1.66725e+008   222945  273.61%
   1234  1236 -1.57131e+008  4038  9.60366e+007 -1.66725e+008   223382  273.61%
   1238  1240 -1.58546e+008  4045  9.60366e+007 -1.66725e+008   223614  273.61%
   1240  1242 -1.57917e+008  4048  9.60366e+007 -1.66725e+008   223721  273.61%
   1243  1245 -1.55337e+008  4015  9.60366e+007 -1.66725e+008   224103  273.61%
   1244  1246 -1.57697e+008  4039  9.60366e+007 -1.66725e+008   224561  273.61%
   1246  1248 -1.57114e+008  4043  9.60366e+007 -1.66725e+008   224966  273.61%
   1249  1251 -1.56145e+008  4023  9.60366e+007 -1.66725e+008   225106  273.61%
   1250  1252 -1.58543e+008  4048  9.60366e+007 -1.66725e+008   225158  273.61%
   1251  1253 -1.57925e+008  4052  9.60366e+007 -1.66725e+008   225203  273.61%
Elapsed time = 2664.52 sec. (995309.25 ticks, tree = 1213.71 MB, solutions = 4)
   1252  1254 -1.57911e+008  4040  9.60366e+007 -1.66725e+008   225291  273.61%
   1255  1257 -1.55350e+008  4010  9.60366e+007 -1.66725e+008   225792  273.61%
   1256  1258 -1.58537e+008  4040  9.60366e+007 -1.66725e+008   225874  273.61%
   1258  1260 -1.57120e+008  4037  9.60366e+007 -1.66725e+008   226296  273.61%
   1261  1263 -1.56142e+008  4024  9.60366e+007 -1.66725e+008   226451  273.61%
   1262  1264 -1.58531e+008  4043  9.60366e+007 -1.66725e+008   226495  273.61%
   1264  1266 -1.57907e+008  4045  9.60366e+007 -1.66725e+008   226556  273.61%
   1266  1268 -1.56975e+008  4035  9.60366e+007 -1.66725e+008   226979  273.61%
   1267  1269 -1.55334e+008  4010  9.60366e+007 -1.66725e+008   227382  273.61%
   1268  1270 -1.58525e+008  4044  9.60366e+007 -1.66725e+008   227409  273.61%
Elapsed time = 2685.73 sec. (1004777.09 ticks, tree = 1213.71 MB, solutions = 4)
   1273  1275 -1.56139e+008  4027  9.60366e+007 -1.66725e+008   227595  273.61%
   1276  1278 -1.57900e+008  4048  9.60366e+007 -1.66725e+008   227717  273.61%
   1279  1281 -1.55381e+008  4017  9.60366e+007 -1.66725e+008   228127  273.61%
   1282  1284 -1.57893e+008  4053  9.60366e+007 -1.66725e+008   228255  273.61%
   1285  1287 -1.56134e+008  4022  9.60366e+007 -1.66725e+008   228372  273.61%
   1288  1290 -1.57117e+008  4034  9.60366e+007 -1.66725e+008   228939  273.61%
   1291  1293 -1.55388e+008  4008  9.60366e+007 -1.66725e+008   229546  273.61%
   1294  1296 -1.57891e+008  4057  9.60366e+007 -1.66725e+008   229687  273.61%
   1297  1299 -1.56128e+008  4024  9.60366e+007 -1.66725e+008   230203  273.61%
   1300  1302 -1.57889e+008  4052  9.60366e+007 -1.66725e+008   230315  273.61%
Elapsed time = 2720.08 sec. (1015740.94 ticks, tree = 1213.71 MB, solutions = 4)
   1303  1305 -1.55298e+008  4011  9.60366e+007 -1.66725e+008   230800  273.61%
   1309  1311 -1.56122e+008  4026  9.60366e+007 -1.66725e+008   231441  273.61%
   1312  1314 -1.57083e+008  4028  9.60366e+007 -1.66725e+008   231880  273.61%
   1315  1317 -1.55285e+008  4010  9.60366e+007 -1.66725e+008   232548  273.61%
   1318  1320 -1.57883e+008  4049  9.60366e+007 -1.66725e+008   232682  273.61%
   1321  1323 -1.56116e+008  4024  9.60366e+007 -1.66725e+008   232821  273.61%
   1324  1326 -1.57032e+008  4034  9.60366e+007 -1.66725e+008   233351  273.61%
   1327  1329 -1.56112e+008  4026  9.60366e+007 -1.66725e+008   233497  273.61%
   1330  1332 -1.57880e+008  4044  9.60366e+007 -1.66725e+008   233619  273.61%
   1333  1335 -1.56105e+008  4026  9.60366e+007 -1.66725e+008   234056  273.61%
Elapsed time = 2765.27 sec. (1032548.61 ticks, tree = 1213.71 MB, solutions = 4)
   1339  1341 -1.55243e+008  4003  9.60366e+007 -1.66725e+008   234723  273.61%
   1345  1347 -1.56101e+008  4027  9.60366e+007 -1.66725e+008   235821  273.61%
   1351  1353 -1.55317e+008  4013  9.60366e+007 -1.66725e+008   236422  273.61%
   1357  1359 -1.56095e+008  4029  9.60366e+007 -1.66725e+008   237617  273.61%
   1363  1365 -1.55237e+008  4004  9.60366e+007 -1.66725e+008   238421  273.61%
   1369  1371 -1.56092e+008  4030  9.60366e+007 -1.66725e+008   239112  273.61%
   1375  1377 -1.55263e+008  4013  9.60366e+007 -1.66725e+008   240154  273.61%
   1381  1383 -1.56088e+008  4029  9.60366e+007 -1.66725e+008   240993  273.61%
   1387  1389 -1.55289e+008  4012  9.60366e+007 -1.66725e+008   241961  273.61%
   1393  1395 -1.56082e+008  4023  9.60366e+007 -1.66725e+008   242368  273.61%
Elapsed time = 2860.89 sec. (1060841.50 ticks, tree = 1213.71 MB, solutions = 4)
   1405  1407 -1.56079e+008  4017  9.60366e+007 -1.66725e+008   243788  273.61%
   1411  1413 -1.56076e+008  4011  9.60366e+007 -1.66725e+008   244784  273.61%
   1417  1419 -1.56069e+008  4012  9.60366e+007 -1.66725e+008   245447  273.61%
   1423  1425 -1.56063e+008  4016  9.60366e+007 -1.66725e+008   246529  273.61%
   1429  1431 -1.56056e+008  4015  9.60366e+007 -1.66725e+008   246845  273.61%
   1435  1437 -1.56049e+008  4016  9.60366e+007 -1.66725e+008   247835  273.61%
   1455  1457 -1.55280e+008  4008  9.60366e+007 -1.66725e+008   251202  273.61%
   1460  1462 -1.56104e+008  4026  9.60366e+007 -1.66725e+008   251856  273.61%
   1465  1467 -1.55305e+008  4002  9.60366e+007 -1.66725e+008   252471  273.61%
   1467  1469 -1.57789e+008  4046  9.60366e+007 -1.66725e+008   252555  273.61%
Elapsed time = 2896.19 sec. (1064723.99 ticks, tree = 1213.71 MB, solutions = 4)
   1479  1481 -1.56919e+008  4022  9.60366e+007 -1.66725e+008   254695  273.61%
   1484  1486 -1.56002e+008  4022  9.60366e+007 -1.66725e+008   255350  273.61%
   1487  1489 -1.56745e+008  4034  9.60366e+007 -1.66725e+008   255559  273.61%
   1506  1508 -1.55029e+008  4004  9.60366e+007 -1.66725e+008   257719  273.61%
   1511  1513 -1.56098e+008  4025  9.60366e+007 -1.66725e+008   259173  273.61%
   1512  1514 -1.55841e+008  4006  9.60366e+007 -1.66725e+008   259214  273.61%
   1513  1515 -1.56909e+008  4018  9.60366e+007 -1.66725e+008   259242  273.61%
   1514  1516 -1.56901e+008  4039  9.60366e+007 -1.66725e+008   259304  273.61%
   1515  1517 -1.55916e+008  4020  9.60366e+007 -1.66725e+008   259532  273.61%
   1516  1518 -1.56098e+008  4023  9.60366e+007 -1.66725e+008   259582  273.61%
Elapsed time = 2959.02 sec. (1087433.16 ticks, tree = 1241.95 MB, solutions = 4)
   1518  1520 -1.55078e+008  3996  9.60366e+007 -1.66725e+008   259812  273.61%
   1520  1522 -1.56142e+008  4024  9.60366e+007 -1.66725e+008   260094  273.61%
   1521  1523 -1.56739e+008  4038  9.60366e+007 -1.66725e+008   260145  273.61%
   1522  1524 -1.55241e+008  4009  9.60366e+007 -1.66725e+008   260361  273.61%
   1524  1526 -1.55836e+008  4013  9.60366e+007 -1.66725e+008   260477  273.61%
   1526  1528 -1.56897e+008  4038  9.60366e+007 -1.66725e+008   260581  273.61%
   1527  1529 -1.55904e+008  4014  9.60366e+007 -1.66725e+008   261102  273.61%
   1528  1530 -1.56094e+008  4025  9.60366e+007 -1.66725e+008   261132  273.61%
   1530  1532 -1.55107e+008  4003  9.60366e+007 -1.66725e+008   261516  273.61%
   1532  1534 -1.56891e+008  4031  9.60366e+007 -1.66725e+008   261596  273.61%
Elapsed time = 3030.05 sec. (1107006.26 ticks, tree = 1241.95 MB, solutions = 4)
   1539  1541 -1.56729e+008  4033  9.60366e+007 -1.66725e+008   261976  273.61%
   1542  1544 -1.54998e+008  4011  9.60366e+007 -1.66725e+008   262530  273.61%
   1545  1547 -1.56719e+008  4029  9.60366e+007 -1.66725e+008   262671  273.61%
   1548  1550 -1.55828e+008  4008  9.60366e+007 -1.66725e+008   262830  273.61%
   1551  1553 -1.56713e+008  4022  9.60366e+007 -1.66725e+008   262937  273.61%
   1554  1556 -1.55821e+008  4013  9.60366e+007 -1.66725e+008   263046  273.61%
   1557  1559 -1.56711e+008  4016  9.60366e+007 -1.66725e+008   263137  273.61%
   1560  1562 -1.54965e+008  4004  9.60366e+007 -1.66725e+008   263758  273.61%
   1562  1564 -1.56065e+008  4030  9.60366e+007 -1.66725e+008   264347  273.61%
   1563  1565 -1.56708e+008  4025  9.60366e+007 -1.66725e+008   264394  273.61%
Elapsed time = 3061.19 sec. (1113288.28 ticks, tree = 1241.95 MB, solutions = 4)
   1566  1568 -1.55813e+008  4008  9.60366e+007 -1.66725e+008   264484  273.61%
   1572  1574 -1.54962e+008  3998  9.60366e+007 -1.66725e+008   265250  273.61%
   1574  1576 -1.56044e+008  4024  9.60366e+007 -1.66725e+008   266070  273.61%
   1578  1580 -1.55809e+008  4015  9.60366e+007 -1.66725e+008   266257  273.61%
   1580  1582 -1.56869e+008  4026  9.60366e+007 -1.66725e+008   266354  273.61%
   1584  1586 -1.55010e+008  4002  9.60366e+007 -1.66725e+008   266950  273.61%
   1586  1588 -1.56867e+008  4028  9.60366e+007 -1.66725e+008   267025  273.61%
   1590  1592 -1.55804e+008  4016  9.60366e+007 -1.66725e+008   267263  273.61%
   1592  1594 -1.56110e+008  4025  9.60366e+007 -1.66725e+008   267940  273.61%
   1596  1598 -1.54987e+008  3999  9.60366e+007 -1.66725e+008   268496  273.61%
Elapsed time = 3108.11 sec. (1137288.31 ticks, tree = 1241.95 MB, solutions = 4)
   1608  1610 -1.54944e+008  4010  9.60366e+007 -1.66725e+008   269912  273.61%
   1614  1616 -1.55797e+008  4017  9.60366e+007 -1.66725e+008   270169  273.61%
   1620  1622 -1.55003e+008  3998  9.60366e+007 -1.66725e+008   271107  273.61%
   1626  1628 -1.55792e+008  4015  9.60366e+007 -1.66725e+008   271299  273.61%
   1632  1634 -1.55785e+008  4013  9.60366e+007 -1.66725e+008   271540  273.61%
   1634  1636 -1.55993e+008  4021  9.60366e+007 -1.66725e+008   272156  273.61%
   1638  1640 -1.55782e+008  4017  9.60366e+007 -1.66725e+008   272547  273.61%
   1640  1642 -1.56841e+008  4032  9.60366e+007 -1.66725e+008   272599  273.61%
   1644  1646 -1.55775e+008  4014  9.60366e+007 -1.66725e+008   272816  273.61%
   1646  1648 -1.55989e+008  4030  9.60366e+007 -1.66725e+008   273363  273.61%
Elapsed time = 3144.42 sec. (1146590.19 ticks, tree = 1241.95 MB, solutions = 4)
   1650  1652 -1.55773e+008  4015  9.60366e+007 -1.66725e+008   273720  273.61%
   1656  1658 -1.55768e+008  4015  9.60366e+007 -1.66725e+008   274004  273.61%
   1658  1660 -1.56038e+008  4024  9.60366e+007 -1.66725e+008   274473  273.61%
   1662  1664 -1.55763e+008  4011  9.60366e+007 -1.66725e+008   274883  273.61%
   1664  1666 -1.56831e+008  4029  9.60366e+007 -1.66725e+008   274983  273.61%
   1668  1670 -1.55758e+008  4016  9.60366e+007 -1.66725e+008   275157  273.61%
   1670  1672 -1.56015e+008  4025  9.60366e+007 -1.66725e+008   275724  273.61%
   1674  1676 -1.55755e+008  4014  9.60366e+007 -1.66725e+008   275894  273.61%
   1676  1678 -1.56828e+008  4028  9.60366e+007 -1.66725e+008   275976  273.61%
   1680  1682 -1.55746e+008  4009  9.60366e+007 -1.66725e+008   276138  273.61%
Elapsed time = 3166.19 sec. (1154701.69 ticks, tree = 1241.95 MB, solutions = 4)
   1682  1684 -1.55969e+008  4018  9.60366e+007 -1.66725e+008   276853  273.61%
   1712  1714 -1.55127e+008  4003  9.60366e+007 -1.66725e+008   279365  273.61%
   1716  1718 -1.55711e+008  4006  9.60366e+007 -1.66725e+008   279520  273.61%
   1720  1722 -1.55707e+008  4004  9.60366e+007 -1.66725e+008   280044  273.61%
   1724  1726 -1.55696e+008  4003  9.60366e+007 -1.66725e+008   280223  273.61%
   1752  1754 -1.55746e+008  4009  9.60366e+007 -1.66725e+008   283684  273.61%
   1775  1777 -1.54115e+008  3994  9.60366e+007 -1.66725e+008   288090  273.61%
   1777  1779 -1.54959e+008  4007  9.60366e+007 -1.66725e+008   288202  273.61%
   1778  1780 -1.54922e+008  3991  9.60366e+007 -1.66725e+008   288455  273.61%
   1779  1781 -1.54891e+008  3995  9.60366e+007 -1.66725e+008   288854  273.61%
Elapsed time = 3262.25 sec. (1303139.38 ticks, tree = 2038.13 MB, solutions = 4)
   1791  1793 -1.54864e+008  4005  9.60366e+007 -1.66725e+008   291123  273.61%
   1795  1797 -1.53244e+008  3983  9.60366e+007 -1.66725e+008   291868  273.61%
   1796  1798 -1.55780e+008  4023  9.60366e+007 -1.66725e+008   291928  273.61%
   1797  1799 -1.55684e+008  4005  9.60366e+007 -1.66725e+008   291953  273.61%
   1801  1803 -1.54112e+008  4004  9.60366e+007 -1.66725e+008   292159  273.61%
   1802  1804 -1.54931e+008  3996  9.60366e+007 -1.66725e+008   292696  273.61%
   1803  1805 -1.54866e+008  3996  9.60366e+007 -1.66725e+008   293150  273.61%
   1807  1809 -1.53299e+008  3991  9.60366e+007 -1.66725e+008   293856  273.61%
   1808  1810 -1.55776e+008  4020  9.60366e+007 -1.66725e+008   293902  273.61%
   1809  1811 -1.55680e+008  4001  9.60366e+007 -1.66725e+008   293940  273.61%
Elapsed time = 3307.25 sec. (1312497.73 ticks, tree = 2038.13 MB, solutions = 4)
   1813  1815 -1.54108e+008  4007  9.60366e+007 -1.66725e+008   294141  273.61%
   1814  1816 -1.54905e+008  4012  9.60366e+007 -1.66725e+008   294632  273.61%
   1815  1817 -1.54873e+008  3998  9.60366e+007 -1.66725e+008   295103  273.61%
   1819  1821 -1.53334e+008  3985  9.60366e+007 -1.66725e+008   295575  273.61%
   1820  1822 -1.55769e+008  4023  9.60366e+007 -1.66725e+008   295634  273.61%
   1821  1823 -1.55678e+008  4007  9.60366e+007 -1.66725e+008   295679  273.61%
   1825  1827 -1.54102e+008  4001  9.60366e+007 -1.66725e+008   295867  273.61%
   1826  1828 -1.55767e+008  4022  9.60366e+007 -1.66725e+008   295921  273.61%
   1827  1829 -1.54871e+008  4006  9.60366e+007 -1.66725e+008   296298  273.61%
   1831  1833 -1.53308e+008  3988  9.60366e+007 -1.66725e+008   297057  273.61%
Elapsed time = 3337.59 sec. (1326828.92 ticks, tree = 2038.13 MB, solutions = 4)
   1835  1837 -1.56786e+008  4026  9.60366e+007 -1.66725e+008   297297  273.61%
   1842  1844 -1.53239e+008  3982  9.60366e+007 -1.66725e+008   298084  273.61%
   1847  1849 -1.54093e+008  3996  9.60366e+007 -1.66725e+008   298688  273.61%
   1852  1854 -1.53341e+008  3999  9.60366e+007 -1.66725e+008   300168  273.61%
   1854  1856 -1.54848e+008  4008  9.60366e+007 -1.66725e+008   300719  273.61%
   1857  1859 -1.54088e+008  3991  9.60366e+007 -1.66725e+008   300887  273.61%
   1859  1861 -1.55659e+008  4003  9.60366e+007 -1.66725e+008   301023  273.61%
   1862  1864 -1.53228e+008  3983  9.60366e+007 -1.66725e+008   301898  273.61%
   1864  1866 -1.54888e+008  3997  9.60366e+007 -1.66725e+008   302789  273.61%
   1867  1869 -1.54082e+008  3987  9.60366e+007 -1.66725e+008   303327  273.61%
Elapsed time = 3489.55 sec. (1344615.39 ticks, tree = 2038.13 MB, solutions = 4)
   1872  1874 -1.53234e+008  3984  9.60366e+007 -1.66725e+008   304391  273.61%
   1877  1879 -1.54077e+008  3988  9.60366e+007 -1.66725e+008   305708  273.61%
   1882  1884 -1.53231e+008  3996  9.60366e+007 -1.66725e+008   306845  273.61%
   1887  1889 -1.54077e+008  3991  9.60366e+007 -1.66725e+008   308361  273.61%
   1892  1894 -1.54070e+008  3990  9.60366e+007 -1.66725e+008   308647  273.61%
   1894  1896 -1.54886e+008  4004  9.60366e+007 -1.66725e+008   309583  273.61%
   1897  1899 -1.54068e+008  3989  9.60366e+007 -1.66725e+008   310732  273.61%
   1899  1901 -1.55640e+008  4004  9.60366e+007 -1.66725e+008   310824  273.61%
   1902  1904 -1.54067e+008  3994  9.60366e+007 -1.66725e+008   310917  273.61%
   1904  1906 -1.54777e+008  3998  9.60366e+007 -1.66725e+008   311996  273.61%
Elapsed time = 3489.55 sec. (1359121.27 ticks, tree = 2038.13 MB, solutions = 4)
   1914  1916 -1.54789e+008  3997  9.60366e+007 -1.66725e+008   314014  273.61%
   1916  1918 -1.56459e+008  4027  9.60366e+007 -1.66725e+008   314537  273.61%
   1919  1921 -1.55629e+008  4000  9.60366e+007 -1.66725e+008   314676  273.61%
   1923  1925 -1.54781e+008  3997  9.60366e+007 -1.66725e+008   315461  273.61%
   1927  1929 -1.55628e+008  3997  9.60366e+007 -1.66725e+008   315965  273.61%
   1929  1931 -1.53213e+008  3984  9.60366e+007 -1.66725e+008   316485  273.61%
   1930  1932 -1.54863e+008  3992  9.60366e+007 -1.66725e+008   316929  273.61%
   1931  1933 -1.55621e+008  4000  9.60366e+007 -1.66725e+008   316961  273.61%
   1933  1935 -1.54051e+008  3993  9.60366e+007 -1.66725e+008   317623  273.61%
   1934  1936 -1.55709e+008  4012  9.60366e+007 -1.66725e+008   317656  273.61%
Elapsed time = 3489.55 sec. (1364955.76 ticks, tree = 2038.13 MB, solutions = 4)
   1935  1937 -1.55618e+008  4000  9.60366e+007 -1.66725e+008   317720  273.61%
   1939  1941 -1.55617e+008  3998  9.60366e+007 -1.66725e+008   317925  273.61%
   1942  1944 -1.54891e+008  4010  9.60366e+007 -1.66725e+008   318850  273.61%
   1943  1945 -1.55612e+008  4000  9.60366e+007 -1.66725e+008   318899  273.61%
   1946  1948 -1.55695e+008  4014  9.60366e+007 -1.66725e+008   319005  273.61%
   1947  1949 -1.55611e+008  4002  9.60366e+007 -1.66725e+008   319054  273.61%
   1950  1952 -1.54844e+008  4010  9.60366e+007 -1.66725e+008   319968  273.61%
   1951  1953 -1.55609e+008  4004  9.60366e+007 -1.66725e+008   320015  273.61%
   1954  1956 -1.55690e+008  4011  9.60366e+007 -1.66725e+008   320182  273.61%
   1955  1957 -1.55607e+008  4003  9.60366e+007 -1.66725e+008   320224  273.61%
Elapsed time = 3489.55 sec. (1373525.56 ticks, tree = 2038.13 MB, solutions = 4)
   1958  1960 -1.54899e+008  4007  9.60366e+007 -1.66725e+008   321021  273.61%
   1962  1964 -1.55685e+008  4016  9.60366e+007 -1.66725e+008   321200  273.61%
   1963  1965 -1.54762e+008  3995  9.60366e+007 -1.66725e+008   321684  273.61%
   1966  1968 -1.54907e+008  4005  9.60366e+007 -1.66725e+008   323215  273.61%
   1967  1969 -1.55599e+008  4008  9.60366e+007 -1.66725e+008   323243  273.61%
   1970  1972 -1.55676e+008  4015  9.60366e+007 -1.66725e+008   323417  273.61%
   1971  1973 -1.55596e+008  4006  9.60366e+007 -1.66725e+008   323465  273.61%
   1972  1974 -1.55020e+008  4009  9.60366e+007 -1.66725e+008   323514  273.61%
   1973  1975 -1.53183e+008  3981  9.60366e+007 -1.66725e+008   324006  273.61%
   1974  1976 -1.55596e+008  4005  9.60366e+007 -1.66725e+008   324033  273.61%
Elapsed time = 3489.56 sec. (1380476.25 ticks, tree = 2038.13 MB, solutions = 4)
   1979  1981 -1.54004e+008  3990  9.60366e+007 -1.66725e+008   324623  273.61%
   1981  1983 -1.53231e+008  3982  9.60366e+007 -1.66725e+008   325111  273.61%
   1985  1987 -1.55562e+008  4001  9.60366e+007 -1.66725e+008   325300  273.61%
   1986  1988 -1.55558e+008  4003  9.60366e+007 -1.66725e+008   325341  273.61%
   1987  1989 -1.55554e+008  4001  9.60366e+007 -1.66725e+008   325382  273.61%
   1988  1990 -1.55551e+008  4000  9.60366e+007 -1.66725e+008   325414  273.61%
   1989  1991 -1.55545e+008  4001  9.60366e+007 -1.66725e+008   325467  273.61%
   1990  1992 -1.55537e+008  4009  9.60366e+007 -1.66725e+008   325521  273.61%
   1991  1993 -1.54180e+008  3994  9.60366e+007 -1.66725e+008   325922  273.61%
   1992  1994 -1.56783e+008  4032  9.60366e+007 -1.66725e+008   325958  273.61%
Elapsed time = 3501.63 sec. (1438628.35 ticks, tree = 2033.66 MB, solutions = 4)
   1995  1997 -1.54888e+008  4004  9.60366e+007 -1.66725e+008   326609  273.61%
   1997  1999 -1.55019e+008  4014  9.60366e+007 -1.66725e+008   326710  273.61%
   2000  2002 -1.53227e+008  3990  9.60366e+007 -1.66725e+008   327219  273.61%
   2001  2003 -1.55673e+008  4017  9.60366e+007 -1.66725e+008   327250  273.61%
   2003  2005 -1.55016e+008  4006  9.60366e+007 -1.66725e+008   327378  273.61%
   2006  2008 -1.53993e+008  3983  9.60366e+007 -1.66725e+008   327521  273.61%
   2007  2009 -1.54869e+008  3999  9.60366e+007 -1.66725e+008   327988  273.61%
   2009  2011 -1.55015e+008  4007  9.60366e+007 -1.66725e+008   328095  273.61%
   2012  2014 -1.53153e+008  3984  9.60366e+007 -1.66725e+008   328530  273.61%
   2013  2015 -1.55668e+008  4020  9.60366e+007 -1.66725e+008   328583  273.61%
Elapsed time = 3525.69 sec. (1448916.04 ticks, tree = 2033.66 MB, solutions = 4)
   2025  2027 -1.55664e+008  4015  9.60366e+007 -1.66725e+008   330350  273.61%
   2031  2033 -1.55656e+008  4016  9.60366e+007 -1.66725e+008   331126  273.61%
   2036  2038 -1.53130e+008  3977  9.60366e+007 -1.66725e+008   331709  273.61%
   2037  2039 -1.55648e+008  4015  9.60366e+007 -1.66725e+008   331792  273.61%
   2042  2044 -1.53983e+008  3997  9.60366e+007 -1.66725e+008   332086  273.61%
   2043  2045 -1.55638e+008  4019  9.60366e+007 -1.66725e+008   332223  273.61%
   2048  2050 -1.53977e+008  3986  9.60366e+007 -1.66725e+008   332476  273.61%
   2049  2051 -1.55629e+008  4017  9.60366e+007 -1.66725e+008   332531  273.61%
   2051  2053 -1.54159e+008  3996  9.60366e+007 -1.66725e+008   332999  273.61%
   2054  2056 -1.53144e+008  3980  9.60366e+007 -1.66725e+008   333465  273.61%
Elapsed time = 3563.28 sec. (1460513.44 ticks, tree = 2033.66 MB, solutions = 4)
   2066  2068 -1.53132e+008  3978  9.60366e+007 -1.66725e+008   335191  273.61%
   2072  2074 -1.53963e+008  3995  9.60366e+007 -1.66725e+008   335496  273.61%
   2078  2080 -1.53160e+008  3974  9.60366e+007 -1.66725e+008   337006  273.61%
   2081  2083 -1.54977e+008  4007  9.60366e+007 -1.66725e+008   337136  273.61%
   2084  2086 -1.53152e+008  3973  9.60366e+007 -1.66725e+008   337280  273.61%
   2087  2089 -1.54137e+008  3998  9.60366e+007 -1.66725e+008   338206  273.61%
   2090  2092 -1.53148e+008  3973  9.60366e+007 -1.66725e+008   338629  273.61%
   2093  2095 -1.54975e+008  4009  9.60366e+007 -1.66725e+008   338790  273.61%
   2097  2099 -1.54599e+008  3995  9.60366e+007 -1.66725e+008   339541  273.61%
   2100  2102 -1.54717e+008  4012  9.60366e+007 -1.66725e+008   340445  273.61%
Elapsed time = 3600.06 sec. (1468085.20 ticks, tree = 2033.66 MB, solutions = 4)

Implied bound cuts applied:  159
Flow cuts applied:  2
Mixed integer rounding cuts applied:  2

Root node processing (before b&c):
  Real time             =  302.92 sec. (154125.04 ticks)
Parallel b&c, 6 threads:
  Real time             = 3298.67 sec. (1318203.39 ticks)
  Sync time (average)   =  412.20 sec.
  Wait time (average)   =  413.50 sec.
                          ------------
Total (root+branch&cut) = 3601.59 sec. (1472328.43 ticks)
