Found incumbent of value 2.4105244e+008 after 4.80 sec. (3888.04 ticks)
Clique table members: 1200.
MIP emphasis: balance optimality and feasibility.
MIP search method: dynamic search.
Parallel mode: deterministic, using up to 6 threads.
Root relaxation solution time = 106.81 sec. (31648.64 ticks)

        Nodes                                         Cuts/
   Node  Left     Objective  IInf  Best Integer    Best Bound    ItCnt     Gap

*     0+    0                      2.41052e+008 -4.58842e+010              --- 
      0     0 -3.84931e+008  7315  2.41052e+008 -3.84931e+008       73  259.69%
      0     0 -3.84919e+008  7354  2.41052e+008      Cuts: 72      256  259.68%
      0     0 -3.84914e+008  7363  2.41052e+008      Cuts: 23      297  259.68%
      0     0 -3.84910e+008  7370  2.41052e+008      Cuts: 23      342  259.68%
      0     2 -3.84910e+008  7370  2.41052e+008 -3.84910e+008      342  259.68%
Elapsed time = 1206.23 sec. (526980.04 ticks, tree = 0.01 MB, solutions = 1)
      1     3 -3.83606e+008  7358  2.41052e+008 -3.84910e+008      766  259.68%
      2     4 -3.84898e+008  7361  2.41052e+008 -3.84910e+008      805  259.68%
      3     5 -3.83591e+008  7349  2.41052e+008 -3.84897e+008     1348  259.67%
      4     6 -3.83594e+008  7358  2.41052e+008 -3.84897e+008     1528  259.67%
      5     7 -3.82338e+008  7352  2.41052e+008 -3.84897e+008     2190  259.67%
      6     8 -3.84888e+008  7362  2.41052e+008 -3.84897e+008     2259  259.67%
      7     9 -3.82296e+008  7349  2.41052e+008 -3.84897e+008     2730  259.67%
      8    10 -3.81055e+008  7335  2.41052e+008 -3.84897e+008     3226  259.67%
      9    11 -3.83587e+008  7359  2.41052e+008 -3.84897e+008     3326  259.67%
     10    12 -3.82325e+008  7357  2.41052e+008 -3.84897e+008     3435  259.67%
Elapsed time = 1455.14 sec. (584209.12 ticks, tree = 0.01 MB, solutions = 1)
     11    13 -3.83644e+008  7363  2.41052e+008 -3.84886e+008     3993  259.67%
     12    14 -3.82315e+008  7357  2.41052e+008 -3.84886e+008     4602  259.67%
     13    15 -3.81027e+008  7347  2.41052e+008 -3.84886e+008     5266  259.67%
     14    16 -3.82280e+008  7360  2.41052e+008 -3.84886e+008     5422  259.67%
     15    17 -3.81000e+008  7335  2.41052e+008 -3.84886e+008     6043  259.67%
     16    18 -3.81041e+008  7347  2.41052e+008 -3.84886e+008     6189  259.67%
     17    19 -3.84873e+008  7370  2.41052e+008 -3.84886e+008     6655  259.67%
     18    20 -3.83580e+008  7363  2.41052e+008 -3.84886e+008     7121  259.67%
     19    21 -3.82311e+008  7354  2.41052e+008 -3.84886e+008     7769  259.67%
     20    22 -3.83611e+008  7360  2.41052e+008 -3.84871e+008     8220  259.66%
Elapsed time = 1782.94 sec. (762371.22 ticks, tree = 0.01 MB, solutions = 1)
     22    24 -3.81048e+008  7346  2.41052e+008 -3.84871e+008     9318  259.66%
     24    26 -3.79664e+008  7345  2.41052e+008 -3.84871e+008    10259  259.66%
     26    28 -3.84861e+008  7367  2.41052e+008 -3.84871e+008    11053  259.66%
     27    29 -3.83577e+008  7363  2.41052e+008 -3.84871e+008    11494  259.66%
     28    30 -3.82303e+008  7345  2.41052e+008 -3.84871e+008    11956  259.66%
     29    31 -3.82269e+008  7353  2.41052e+008 -3.84871e+008    12186  259.66%
     30    32 -3.80990e+008  7343  2.41052e+008 -3.84871e+008    12473  259.66%
     31    33 -3.81030e+008  7350  2.41052e+008 -3.84871e+008    12953  259.66%
     32    34 -3.83590e+008  7352  2.41052e+008 -3.84871e+008    13500  259.66%
     33    35 -3.82421e+008  7360  2.41052e+008 -3.84871e+008    14155  259.66%
Elapsed time = 1873.23 sec. (792680.07 ticks, tree = 0.01 MB, solutions = 1)
     36    38 -3.79750e+008  7334  2.41052e+008 -3.84871e+008    16017  259.66%
     37    39 -3.84853e+008  7361  2.41052e+008 -3.84861e+008    16064  259.66%
     38    40 -3.83574e+008  7360  2.41052e+008 -3.84861e+008    16105  259.66%
     39    41 -3.81093e+008  7348  2.41052e+008 -3.84861e+008    16673  259.66%
     40    42 -3.82262e+008  7359  2.41052e+008 -3.84861e+008    16752  259.66%
     41    43 -3.80979e+008  7342  2.41052e+008 -3.84861e+008    16842  259.66%
     42    44 -3.81022e+008  7352  2.41052e+008 -3.84861e+008    16931  259.66%
     43    45 -3.82253e+008  7357  2.41052e+008 -3.84861e+008    17470  259.66%
     44    46 -3.82296e+008  7351  2.41052e+008 -3.84861e+008    17506  259.66%
     45    47 -3.80955e+008  7351  2.41052e+008 -3.84861e+008    18027  259.66%
Elapsed time = 2147.33 sec. (820882.39 ticks, tree = 0.01 MB, solutions = 1)
     49    51 -3.80986e+008  7338  2.41052e+008 -3.84861e+008    19648  259.66%
     50    52 -3.82251e+008  7366  2.41052e+008 -3.84861e+008    19716  259.66%
     51    53 -3.80970e+008  7353  2.41052e+008 -3.84861e+008    19806  259.66%
     52    54 -3.81012e+008  7346  2.41052e+008 -3.84861e+008    19903  259.66%
     53    55 -3.80918e+008  7341  2.41052e+008 -3.84861e+008    20269  259.66%
     54    56 -3.82288e+008  7349  2.41052e+008 -3.84861e+008    20330  259.66%
     55    57 -3.81042e+008  7347  2.41052e+008 -3.84861e+008    20841  259.66%
     56    58 -3.79684e+008  7335  2.41052e+008 -3.84861e+008    21251  259.66%
     57    59 -3.79734e+008  7331  2.41052e+008 -3.84861e+008    21736  259.66%
     58    60 -3.82243e+008  7354  2.41052e+008 -3.84861e+008    21767  259.66%
Elapsed time = 2147.33 sec. (830631.24 ticks, tree = 0.01 MB, solutions = 1)
     59    61 -3.80990e+008  7344  2.41052e+008 -3.84861e+008    22313  259.66%
     60    62 -3.82245e+008  7361  2.41052e+008 -3.84861e+008    22366  259.66%
     61    63 -3.80961e+008  7347  2.41052e+008 -3.84861e+008    22418  259.66%
     62    64 -3.81005e+008  7351  2.41052e+008 -3.84861e+008    22503  259.66%
     63    65 -3.80914e+008  7350  2.41052e+008 -3.84861e+008    22859  259.66%
     64    66 -3.82280e+008  7350  2.41052e+008 -3.84861e+008    22928  259.66%
     65    67 -3.80935e+008  7337  2.41052e+008 -3.84861e+008    23440  259.66%
     66    68 -3.79684e+008  7326  2.41052e+008 -3.84861e+008    23876  259.66%
     67    69 -3.79715e+008  7343  2.41052e+008 -3.84861e+008    24230  259.66%
     68    70 -3.82232e+008  7352  2.41052e+008 -3.84861e+008    24288  259.66%
Elapsed time = 2147.33 sec. (840963.33 ticks, tree = 0.01 MB, solutions = 1)
     69    71 -3.80993e+008  7340  2.41052e+008 -3.84861e+008    24832  259.66%
     70    72 -3.82237e+008  7354  2.41052e+008 -3.84861e+008    24940  259.66%
     71    73 -3.80954e+008  7350  2.41052e+008 -3.84861e+008    25034  259.66%
     72    74 -3.80992e+008  7351  2.41052e+008 -3.84861e+008    25115  259.66%
     73    75 -3.80953e+008  7339  2.41052e+008 -3.84861e+008    25633  259.66%
     74    76 -3.79665e+008  7337  2.41052e+008 -3.84861e+008    26089  259.66%
     75    77 -3.82224e+008  7348  2.41052e+008 -3.84861e+008    26144  259.66%
     76    78 -3.83555e+008  7364  2.41052e+008 -3.84853e+008    26771  259.66%
     77    79 -3.80937e+008  7340  2.41052e+008 -3.84853e+008    27382  259.66%
     78    80 -3.82271e+008  7352  2.41052e+008 -3.84853e+008    27505  259.66%
Elapsed time = 2220.78 sec. (930601.04 ticks, tree = 0.01 MB, solutions = 1)
     79    81 -3.80938e+008  7341  2.41052e+008 -3.84853e+008    28101  259.66%
     81    83 -3.79728e+008  7340  2.41052e+008 -3.84853e+008    28624  259.66%
     82    84 -3.84844e+008  7366  2.41052e+008 -3.84853e+008    28685  259.66%
     83    85 -3.82214e+008  7353  2.41052e+008 -3.84853e+008    28781  259.66%
     84    86 -3.80934e+008  7339  2.41052e+008 -3.84853e+008    29079  259.66%
     85    87 -3.82228e+008  7358  2.41052e+008 -3.84853e+008    29196  259.66%
     86    88 -3.79677e+008  7342  2.41052e+008 -3.84853e+008    29598  259.66%
     87    89 -3.80984e+008  7352  2.41052e+008 -3.84853e+008    29678  259.66%
     88    90 -3.83672e+008  7363  2.41052e+008 -3.84853e+008    30263  259.66%
     89    91 -3.80938e+008  7348  2.41052e+008 -3.84853e+008    30911  259.66%
Elapsed time = 2311.45 sec. (973000.98 ticks, tree = 0.01 MB, solutions = 1)
     91    93 -3.80893e+008  7336  2.41052e+008 -3.84853e+008    32055  259.66%
     95    97 -3.82207e+008  7353  2.41052e+008 -3.84853e+008    32849  259.66%
     97    99 -3.82218e+008  7351  2.41052e+008 -3.84853e+008    33322  259.66%
    100   102 -3.83577e+008  7351  2.41052e+008 -3.84853e+008    34371  259.66%
    101   103 -3.80919e+008  7345  2.41052e+008 -3.84853e+008    34938  259.66%
    103   105 -3.80890e+008  7334  2.41052e+008 -3.84853e+008    35459  259.66%
    105   107 -3.78434e+008  7324  2.41052e+008 -3.84853e+008    36192  259.66%
    106   108 -3.84832e+008  7362  2.41052e+008 -3.84853e+008    36247  259.66%
    107   109 -3.82194e+008  7350  2.41052e+008 -3.84853e+008    36321  259.66%
    108   110 -3.80970e+008  7343  2.41052e+008 -3.84853e+008    37022  259.66%
Elapsed time = 2431.03 sec. (988595.12 ticks, tree = 0.01 MB, solutions = 1)
    109   111 -3.82207e+008  7358  2.41052e+008 -3.84853e+008    37125  259.66%
    112   114 -3.83529e+008  7356  2.41052e+008 -3.84853e+008    38234  259.66%
    113   115 -3.80930e+008  7341  2.41052e+008 -3.84853e+008    38756  259.66%
    114   116 -3.82242e+008  7362  2.41052e+008 -3.84853e+008    38859  259.66%
    115   117 -3.80928e+008  7343  2.41052e+008 -3.84853e+008    39326  259.66%
    116   118 -3.79661e+008  7331  2.41052e+008 -3.84853e+008    39435  259.66%
    117   119 -3.78449e+008  7328  2.41052e+008 -3.84853e+008    39936  259.66%
    118   120 -3.84827e+008  7361  2.41052e+008 -3.84853e+008    40007  259.66%
    119   121 -3.82186e+008  7351  2.41052e+008 -3.84853e+008    40093  259.66%
    120   122 -3.80955e+008  7347  2.41052e+008 -3.84853e+008    40538  259.66%
Elapsed time = 2477.55 sec. (1005410.07 ticks, tree = 0.01 MB, solutions = 1)
    124   126 -3.80923e+008  7341  2.41052e+008 -3.84853e+008    42145  259.66%
    126   128 -3.79655e+008  7337  2.41052e+008 -3.84853e+008    42273  259.66%
    127   129 -3.78434e+008  7325  2.41052e+008 -3.84853e+008    42795  259.66%
    128   130 -3.82276e+008  7354  2.41052e+008 -3.84853e+008    43620  259.66%
    129   131 -3.80954e+008  7339  2.41052e+008 -3.84853e+008    44169  259.66%
    130   132 -3.78384e+008  7310  2.41052e+008 -3.84853e+008    44766  259.66%
    131   133 -3.83547e+008  7355  2.41052e+008 -3.84823e+008    44824  259.64%
    132   134 -3.82177e+008  7351  2.41052e+008 -3.84823e+008    44917  259.64%
    133   135 -3.82225e+008  7360  2.41052e+008 -3.84823e+008    44973  259.64%
    134   136 -3.82199e+008  7366  2.41052e+008 -3.84823e+008    45024  259.64%
Elapsed time = 2498.42 sec. (1035221.83 ticks, tree = 0.01 MB, solutions = 1)
    137   139 -3.82252e+008  7345  2.41052e+008 -3.84823e+008    45692  259.64%
    138   140 -3.79631e+008  7325  2.41052e+008 -3.84823e+008    46116  259.64%
    139   141 -3.80936e+008  7343  2.41052e+008 -3.84823e+008    46544  259.64%
    140   142 -3.80913e+008  7353  2.41052e+008 -3.84823e+008    47116  259.64%
    141   143 -3.78449e+008  7316  2.41052e+008 -3.84823e+008    47694  259.64%
    142   144 -3.78499e+008  7324  2.41052e+008 -3.84823e+008    48185  259.64%
    143   145 -3.83535e+008  7354  2.41052e+008 -3.84823e+008    48304  259.64%
    144   146 -3.80910e+008  7338  2.41052e+008 -3.84823e+008    48354  259.64%
    145   147 -3.82212e+008  7355  2.41052e+008 -3.84823e+008    48422  259.64%
    146   148 -3.82189e+008  7353  2.41052e+008 -3.84823e+008    48500  259.64%
Elapsed time = 2559.23 sec. (1050082.58 ticks, tree = 0.01 MB, solutions = 1)
    149   151 -3.82272e+008  7350  2.41052e+008 -3.84823e+008    49175  259.64%
    150   152 -3.79663e+008  7320  2.41052e+008 -3.84823e+008    49591  259.64%
    151   153 -3.80948e+008  7342  2.41052e+008 -3.84823e+008    50104  259.64%
    152   154 -3.80913e+008  7343  2.41052e+008 -3.84823e+008    50607  259.64%
    153   155 -3.78329e+008  7322  2.41052e+008 -3.84823e+008    51056  259.64%
    154   156 -3.78379e+008  7331  2.41052e+008 -3.84823e+008    51504  259.64%
    155   157 -3.83527e+008  7355  2.41052e+008 -3.84823e+008    51608  259.64%
    156   158 -3.80899e+008  7343  2.41052e+008 -3.84823e+008    51674  259.64%
    157   159 -3.82204e+008  7361  2.41052e+008 -3.84823e+008    51729  259.64%
    158   160 -3.82182e+008  7356  2.41052e+008 -3.84823e+008    51794  259.64%
Elapsed time = 2619.83 sec. (1063671.41 ticks, tree = 0.01 MB, solutions = 1)
    161   163 -3.82318e+008  7345  2.41052e+008 -3.84823e+008    52343  259.64%
    162   164 -3.79623e+008  7331  2.41052e+008 -3.84823e+008    52837  259.64%
    163   165 -3.80941e+008  7337  2.41052e+008 -3.84823e+008    53594  259.64%
    164   166 -3.80894e+008  7342  2.41052e+008 -3.84823e+008    54095  259.64%
    165   167 -3.77039e+008  7309  2.41052e+008 -3.84823e+008    54682  259.64%
    166   168 -3.77088e+008  7309  2.41052e+008 -3.84823e+008    55188  259.64%
    167   169 -3.83521e+008  7360  2.41052e+008 -3.84823e+008    55244  259.64%
    168   170 -3.80888e+008  7340  2.41052e+008 -3.84823e+008    55294  259.64%
    169   171 -3.82195e+008  7355  2.41052e+008 -3.84823e+008    55339  259.64%
    170   172 -3.82170e+008  7360  2.41052e+008 -3.84823e+008    55453  259.64%
Elapsed time = 2659.16 sec. (1079661.72 ticks, tree = 0.01 MB, solutions = 1)
    173   175 -3.82211e+008  7348  2.41052e+008 -3.84823e+008    56124  259.64%
    175   177 -3.80946e+008  7351  2.41052e+008 -3.84823e+008    57151  259.64%
    176   178 -3.80906e+008  7340  2.41052e+008 -3.84823e+008    57643  259.64%
    177   179 -3.77052e+008  7306  2.41052e+008 -3.84823e+008    58078  259.64%
    178   180 -3.77102e+008  7312  2.41052e+008 -3.84823e+008    58481  259.64%
    179   181 -3.83512e+008  7357  2.41052e+008 -3.84823e+008    58553  259.64%
    181   183 -3.82186e+008  7356  2.41052e+008 -3.84823e+008    58665  259.64%
    182   184 -3.82161e+008  7364  2.41052e+008 -3.84823e+008    58734  259.64%
    183   185 -3.78310e+008  7325  2.41052e+008 -3.84823e+008    58779  259.64%
    184   186 -3.78360e+008  7325  2.41052e+008 -3.84823e+008    58822  259.64%
Elapsed time = 2716.36 sec. (1088351.23 ticks, tree = 0.01 MB, solutions = 1)
    185   187 -3.80875e+008  7344  2.41052e+008 -3.84823e+008    59324  259.64%
    186   188 -3.78362e+008  7311  2.41052e+008 -3.84823e+008    59749  259.64%
    187   189 -3.80924e+008  7336  2.41052e+008 -3.84823e+008    60140  259.64%
    188   190 -3.80898e+008  7335  2.41052e+008 -3.84823e+008    60689  259.64%
    189   191 -3.77062e+008  7314  2.41052e+008 -3.84823e+008    61128  259.64%
    190   192 -3.77111e+008  7310  2.41052e+008 -3.84823e+008    61595  259.64%
    191   193 -3.82200e+008  7357  2.41052e+008 -3.84823e+008    61685  259.64%
    192   194 -3.79640e+008  7324  2.41052e+008 -3.84823e+008    61745  259.64%
    193   195 -3.82179e+008  7357  2.41052e+008 -3.84823e+008    61871  259.64%
    194   196 -3.82152e+008  7363  2.41052e+008 -3.84823e+008    61984  259.64%
Elapsed time = 2763.45 sec. (1109395.93 ticks, tree = 0.01 MB, solutions = 1)
    197   199 -3.80872e+008  7334  2.41052e+008 -3.84823e+008    62450  259.64%
    199   201 -3.80887e+008  7348  2.41052e+008 -3.84823e+008    63330  259.64%
    200   202 -3.80905e+008  7339  2.41052e+008 -3.84823e+008    63957  259.64%
    203   205 -3.82189e+008  7353  2.41052e+008 -3.84823e+008    64999  259.64%
    205   207 -3.82166e+008  7357  2.41052e+008 -3.84823e+008    65091  259.64%
    206   208 -3.82143e+008  7361  2.41052e+008 -3.84823e+008    65151  259.64%
    207   209 -3.78296e+008  7321  2.41052e+008 -3.84823e+008    65215  259.64%
    208   210 -3.78346e+008  7327  2.41052e+008 -3.84823e+008    65278  259.64%
    209   211 -3.80910e+008  7337  2.41052e+008 -3.84823e+008    65756  259.64%
    210   212 -3.78383e+008  7307  2.41052e+008 -3.84823e+008    66206  259.64%
Elapsed time = 2842.11 sec. (1115412.23 ticks, tree = 0.01 MB, solutions = 1)
    211   213 -3.80919e+008  7337  2.41052e+008 -3.84823e+008    66605  259.64%
    212   214 -3.80855e+008  7341  2.41052e+008 -3.84823e+008    67172  259.64%
    213   215 -3.77102e+008  7311  2.41052e+008 -3.84823e+008    67656  259.64%
    214   216 -3.77151e+008  7310  2.41052e+008 -3.84823e+008    68110  259.64%
    215   217 -3.82181e+008  7358  2.41052e+008 -3.84823e+008    68176  259.64%
    216   218 -3.79626e+008  7328  2.41052e+008 -3.84823e+008    68201  259.64%
    217   219 -3.82155e+008  7358  2.41052e+008 -3.84823e+008    68297  259.64%
    218   220 -3.82135e+008  7353  2.41052e+008 -3.84823e+008    68382  259.64%
    219   221 -3.78289e+008  7319  2.41052e+008 -3.84823e+008    68457  259.64%
    220   222 -3.78338e+008  7326  2.41052e+008 -3.84823e+008    68538  259.64%
Elapsed time = 2909.28 sec. (1126835.19 ticks, tree = 0.01 MB, solutions = 1)
    221   223 -3.80893e+008  7347  2.41052e+008 -3.84823e+008    69035  259.64%
    222   224 -3.80879e+008  7344  2.41052e+008 -3.84823e+008    69569  259.64%
    223   225 -3.80845e+008  7337  2.41052e+008 -3.84823e+008    70109  259.64%
    224   226 -3.77066e+008  7307  2.41052e+008 -3.84823e+008    70624  259.64%
    225   227 -3.77115e+008  7320  2.41052e+008 -3.84823e+008    71123  259.64%
    226   228 -3.82171e+008  7360  2.41052e+008 -3.84823e+008    71192  259.64%
    227   229 -3.82144e+008  7355  2.41052e+008 -3.84823e+008    71276  259.64%
    228   230 -3.82124e+008  7350  2.41052e+008 -3.84823e+008    71358  259.64%
    229   231 -3.78284e+008  7328  2.41052e+008 -3.84823e+008    71407  259.64%
    230   232 -3.78334e+008  7320  2.41052e+008 -3.84823e+008    71459  259.64%
Elapsed time = 2927.28 sec. (1141443.13 ticks, tree = 0.01 MB, solutions = 1)
    231   233 -3.80894e+008  7341  2.41052e+008 -3.84823e+008    71887  259.64%
    232   234 -3.80910e+008  7343  2.41052e+008 -3.84823e+008    72362  259.64%
    233   235 -3.76984e+008  7311  2.41052e+008 -3.84823e+008    72930  259.64%
    234   236 -3.77033e+008  7300  2.41052e+008 -3.84823e+008    73414  259.64%
    235   237 -3.78325e+008  7330  2.41052e+008 -3.84823e+008    73478  259.64%
    236   238 -3.75742e+008  7289  2.41052e+008 -3.84823e+008    73890  259.64%
    237   239 -3.82164e+008  7353  2.41052e+008 -3.84823e+008    73954  259.64%
    238   240 -3.78403e+008  7310  2.41052e+008 -3.84823e+008    74509  259.64%
    239   241 -3.82134e+008  7354  2.41052e+008 -3.84823e+008    74564  259.64%
    240   242 -3.80858e+008  7341  2.41052e+008 -3.84823e+008    74987  259.64%
Elapsed time = 2971.25 sec. (1175149.88 ticks, tree = 30.90 MB, solutions = 1)
    241   243 -3.78275e+008  7329  2.41052e+008 -3.84823e+008    75057  259.64%
    242   244 -3.77020e+008  7295  2.41052e+008 -3.84823e+008    75137  259.64%
    244   246 -3.79619e+008  7328  2.41052e+008 -3.84823e+008    75605  259.64%
    245   247 -3.80935e+008  7339  2.41052e+008 -3.84823e+008    76169  259.64%
    248   250 -3.78424e+008  7316  2.41052e+008 -3.84823e+008    76704  259.64%
    249   251 -3.82128e+008  7366  2.41052e+008 -3.84823e+008    76802  259.64%
    250   252 -3.80867e+008  7342  2.41052e+008 -3.84823e+008    77241  259.64%
    251   253 -3.80883e+008  7347  2.41052e+008 -3.84823e+008    77832  259.64%
    252   254 -3.79611e+008  7330  2.41052e+008 -3.84823e+008    77875  259.64%
    253   255 -3.80973e+008  7340  2.41052e+008 -3.84823e+008    78443  259.64%
Elapsed time = 3410.75 sec. (1199068.56 ticks, tree = 30.90 MB, solutions = 1)
    259   261 -3.80880e+008  7341  2.41052e+008 -3.84823e+008    80129  259.64%
    260   262 -3.79606e+008  7322  2.41052e+008 -3.84823e+008    80172  259.64%
    261   263 -3.80854e+008  7347  2.41052e+008 -3.84823e+008    80608  259.64%
    263   265 -3.82133e+008  7358  2.41052e+008 -3.84823e+008    80740  259.64%
    264   266 -3.78307e+008  7295  2.41052e+008 -3.84823e+008    81228  259.64%
    265   267 -3.82119e+008  7353  2.41052e+008 -3.84823e+008    81310  259.64%
    266   268 -3.80908e+008  7342  2.41052e+008 -3.84823e+008    81721  259.64%
    267   269 -3.79594e+008  7342  2.41052e+008 -3.84823e+008    82349  259.64%
    268   270 -3.79598e+008  7321  2.41052e+008 -3.84823e+008    82412  259.64%
    269   271 -3.80918e+008  7332  2.41052e+008 -3.84823e+008    82887  259.64%
Elapsed time = 3410.75 sec. (1224771.52 ticks, tree = 30.90 MB, solutions = 1)
    273   275 -3.82114e+008  7353  2.41052e+008 -3.84823e+008    83519  259.64%
    275   277 -3.79609e+008  7310  2.41052e+008 -3.84823e+008    84442  259.64%
    276   278 -3.78298e+008  7298  2.41052e+008 -3.84823e+008    84529  259.64%
    278   280 -3.80864e+008  7339  2.41052e+008 -3.84823e+008    84674  259.64%
    279   281 -3.80790e+008  7336  2.41052e+008 -3.84823e+008    85061  259.64%
    280   282 -3.79594e+008  7326  2.41052e+008 -3.84823e+008    85571  259.64%
    281   283 -3.82081e+008  7359  2.41052e+008 -3.84823e+008    85632  259.64%
    282   284 -3.80859e+008  7345  2.41052e+008 -3.84823e+008    85737  259.64%
    283   285 -3.80882e+008  7343  2.41052e+008 -3.84823e+008    86223  259.64%
    284   286 -3.79659e+008  7322  2.41052e+008 -3.84823e+008    86719  259.64%
Elapsed time = 3410.75 sec. (1266229.39 ticks, tree = 30.90 MB, solutions = 1)
    288   290 -3.79539e+008  7335  2.41052e+008 -3.84823e+008    87729  259.64%
    290   292 -3.80845e+008  7340  2.41052e+008 -3.84823e+008    87872  259.64%
    291   293 -3.80799e+008  7333  2.41052e+008 -3.84823e+008    88322  259.64%
    292   294 -3.82064e+008  7360  2.41052e+008 -3.84823e+008    88373  259.64%
    293   295 -3.80863e+008  7331  2.41052e+008 -3.84823e+008    88883  259.64%
    294   296 -3.78228e+008  7324  2.41052e+008 -3.84823e+008    89288  259.64%
    295   297 -3.77032e+008  7298  2.41052e+008 -3.84823e+008    89737  259.64%
    296   298 -3.80798e+008  7333  2.41052e+008 -3.84823e+008    90182  259.64%
    297   299 -3.82059e+008  7358  2.41052e+008 -3.84823e+008    90259  259.64%
    298   300 -3.75678e+008  7298  2.41052e+008 -3.84823e+008    90754  259.64%
Elapsed time = 3445.78 sec. (1351644.49 ticks, tree = 50.47 MB, solutions = 1)
    303   305 -3.80744e+008  7331  2.41052e+008 -3.84823e+008    91992  259.64%
    306   308 -3.78274e+008  7318  2.41052e+008 -3.84823e+008    92625  259.64%
    307   309 -3.77033e+008  7298  2.41052e+008 -3.84823e+008    93206  259.64%
    308   310 -3.80855e+008  7348  2.41052e+008 -3.84823e+008    93650  259.64%
    309   311 -3.82050e+008  7357  2.41052e+008 -3.84823e+008    93711  259.64%
    310   312 -3.75669e+008  7281  2.41052e+008 -3.84823e+008    94100  259.64%
    311   313 -3.75733e+008  7295  2.41052e+008 -3.84823e+008    94670  259.64%
    312   314 -3.79524e+008  7321  2.41052e+008 -3.84823e+008    94726  259.64%
    313   315 -3.78282e+008  7303  2.41052e+008 -3.84823e+008    94772  259.64%
    314   316 -3.82097e+008  7351  2.41052e+008 -3.84823e+008    94811  259.64%
Elapsed time = 3509.72 sec. (1366194.01 ticks, tree = 50.47 MB, solutions = 1)
    317   319 -3.76999e+008  7296  2.41052e+008 -3.84823e+008    95435  259.64%
    318   320 -3.78218e+008  7323  2.41052e+008 -3.84823e+008    95884  259.64%
    319   321 -3.76976e+008  7301  2.41052e+008 -3.84823e+008    96400  259.64%
    320   322 -3.80780e+008  7346  2.41052e+008 -3.84823e+008    97024  259.64%
    321   323 -3.79494e+008  7320  2.41052e+008 -3.84823e+008    97481  259.64%
    322   324 -3.75739e+008  7276  2.41052e+008 -3.84823e+008    97884  259.64%
    323   325 -3.75763e+008  7288  2.41052e+008 -3.84823e+008    98343  259.64%
    324   326 -3.79518e+008  7323  2.41052e+008 -3.84823e+008    98421  259.64%
    325   327 -3.78275e+008  7302  2.41052e+008 -3.84823e+008    98473  259.64%
    326   328 -3.82093e+008  7349  2.41052e+008 -3.84823e+008    98538  259.64%
Elapsed time = 3557.08 sec. (1384600.59 ticks, tree = 50.47 MB, solutions = 1)
    330   332 -3.78294e+008  7320  2.41052e+008 -3.84823e+008    99155  259.64%
    331   333 -3.80787e+008  7342  2.41052e+008 -3.84823e+008    99599  259.64%
    332   334 -3.79486e+008  7331  2.41052e+008 -3.84823e+008   100034  259.64%
    334   336 -3.79508e+008  7327  2.41052e+008 -3.84823e+008   100501  259.64%
    335   337 -3.76950e+008  7307  2.41052e+008 -3.84823e+008   100595  259.64%

Implied bound cuts applied:  137
Mixed integer rounding cuts applied:  3

Root node processing (before b&c):
  Real time             = 1202.69 sec. (524111.40 ticks)
Parallel b&c, 6 threads:
  Real time             = 2398.42 sec. (873113.48 ticks)
  Sync time (average)   =  388.29 sec.
  Wait time (average)   =  388.68 sec.
                          ------------
Total (root+branch&cut) = 3601.11 sec. (1397224.88 ticks)
