best_sol:167 387 11 548 115 92 105 302 16 87 74 55 578 423 207 89 244 188 234 435 121 63 218 444 512 3 581 436 66 470 505 573 203 510 590 416 363 484 382 88 236 166 376 19 10 536 184 519 531 217 179 443 145 390 526 566 409 4 269 354 525 473 224 501 73 23 410 493 22 375 103 86 383 255 482 137 592 96 169 427 85 208 266 175 408 132 49 491 70 205 155 492 275 195 322 227 288 252 577 101 421 448 93 249 452 502 303 290 316 307 206 355 2 451 240 551 331 414 160 123 251 94 369 362 190 250 348 204 497 141 485 569 499 360 558 463 243 46 154 426 503 564 172 395 586 58 563 386 280 5 273 468 340 467 108 391 332 507 104 245 43 48 535 589 82 530 300 32 140 259 180 112 319 334 398 406 193 458 483 370 261 79 532 593 403 181 241 481 183 254 247 225 549 475 459 39 588 27 306 80 488 171 538 17 78 264 472 540 45 219 117 312 106 29 116 33 14 173 346 327 374 523 377 494 202 401 594 262 148 7 284 198 367 176 215 495 281 392 125 457 24 561 35 516 570 231 539 286 456 268 450 186 339 260 278 196 138 122 283 407 328 285 555 139 544 0 336 41 338 434 358 237 572 441 583 514 389 591 25 428 528 405 412 559 164 527 371 126 344 226 99 201 418 157 486 229 518 200 18 545 90 579 221 420 246 419 379 72 489 520 209 490 34 279 478 553 323 110 232 433 462 454 199 373 102 415 541 368 506 151 42 445 68 31 500 69 529 114 277 337 26 464 318 508 446 51 291 517 326 599 343 276 242 168 315 308 584 60 197 404 20 388 335 21 267 47 425 222 270 71 585 394 40 149 153 396 597 568 498 13 107 120 413 127 353 177 522 61 432 95 124 384 542 567 430 515 191 271 480 574 364 91 400 192 111 53 54 576 98 37 351 465 596 84 156 417 143 265 212 460 228 28 342 533 496 442 352 258 571 411 378 381 575 385 9 534 235 562 298 543 150 159 1 317 595 314 321 36 30 455 397 466 56 161 128 282 587 211 431 223 393 274 38 359 174 341 554 136 399 324 230 144 509 447 309 129 52 361 301 134 194 449 547 238 187 289 311 220 146 57 182 557 299 210 50 165 582 256 248 272 325 44 81 304 263 565 357 422 287 310 320 6 213 12 552 135 356 349 305 347 170 292 380 365 257 477 439 471 253 189 64 294 15 524 598 142 295 521 546 556 216 296 330 233 147 453 185 67 152 329 580 537 366 59 313 158 479 178 65 214 474 372 100 239 438 62 550 437 131 8 461 487 113 350 429 293 76 77 163 83 469 75 297 513 162 345 97 440 424 133 119 333 560 476 504 511 109 402 130 118 
exact_result:263751738  是否排列1 ax=7090  bx=37181  cx=138448  obj=263751738
 ax上界求解时间：4.532000 上界花费时间：4.563000
 ax下界求解时间：4.266000 下界花费时间：4.281000 
bx上界求解时间：4.750000 上界花费时间：4.766000
 bx下界求解时间：4.906000 下界花费时间：4.922000 
模型总求解时间：39.469000  模型求解时间：18.906000 axbx上下届时间：19.844000 结果是否最优:y
***********
Minimum Execution Time:39.469000
Maximum Execution Time:39.469000
Average Execution Time:39.469000
