best_sol:172 44 81 140 79 86 191 31 90 106 3 22 187 62 103 130 171 166 146 20 96 199 116 40 107 35 16 54 161 185 17 56 165 74 92 160 194 10 110 14 43 78 49 123 119 13 66 29 117 139 33 46 72 21 32 98 193 149 164 83 87 157 76 73 181 95 121 24 126 57 147 183 118 88 12 80 143 19 5 42 101 11 137 154 188 25 170 192 39 151 94 134 176 52 2 162 184 132 68 18 113 27 179 0 189 127 135 59 182 112 144 69 55 169 38 85 41 167 196 155 136 114 47 61 89 60 145 159 93 36 6 197 124 158 198 178 168 63 50 67 142 77 173 65 23 153 26 111 186 120 133 34 99 100 15 152 115 48 148 75 102 128 9 125 108 104 28 91 131 1 163 175 82 150 97 138 64 141 58 84 180 30 70 7 53 156 105 122 195 174 4 109 177 71 45 129 190 8 51 37 
exact_result:28504172  是否排列1 ax=2296  bx=12393  cx=49844  obj=28504172
 ax上界求解时间：0.329000 上界花费时间：0.329000
 ax下界求解时间：0.360000 下界花费时间：0.360000 
bx上界求解时间：0.312000 上界花费时间：0.312000
 bx下界求解时间：0.480000 下界花费时间：0.480000 
模型总求解时间：3.481000  模型求解时间：1.750000 axbx上下届时间：1.669000 结果是否最优:y
***********
Minimum Execution Time:3.481000
Maximum Execution Time:3.481000
Average Execution Time:3.481000
