best_sol:240 534 114 586 675 642 51 99 77 768 495 102 600 244 674 609 58 515 320 795 556 732 281 129 736 9 564 329 662 689 243 578 14 12 583 546 118 565 524 499 91 441 509 233 476 761 174 781 703 62 163 516 67 108 56 377 610 225 203 228 696 278 364 69 523 166 64 313 146 284 358 277 378 317 660 463 598 363 206 291 421 413 479 340 798 181 74 543 202 639 386 130 308 544 394 537 657 127 24 324 19 745 327 183 612 59 245 26 752 85 485 355 454 521 345 193 207 449 128 335 744 101 367 149 694 681 482 216 522 387 362 251 68 618 310 747 117 756 542 445 488 337 582 493 145 189 749 11 42 105 222 771 702 132 631 656 10 136 419 541 234 741 779 436 338 177 685 679 302 738 731 760 673 13 649 452 625 184 142 614 49 61 691 22 533 50 653 560 110 339 478 190 623 383 549 572 787 135 54 341 721 486 429 410 764 699 92 529 790 125 594 331 219 212 376 175 326 507 170 458 569 647 510 527 767 119 254 701 290 500 698 18 286 460 33 424 82 640 405 226 651 231 294 603 433 563 678 168 794 53 666 727 688 669 504 665 628 75 591 97 723 791 772 427 531 645 384 718 29 314 730 483 773 473 593 210 497 733 775 562 86 176 1 735 95 144 285 154 304 65 697 557 646 514 770 192 434 540 165 36 316 750 545 474 76 32 322 746 464 443 716 481 342 489 334 300 96 120 724 471 134 776 262 289 518 235 739 472 28 707 599 263 439 298 416 783 728 275 622 743 409 435 784 680 530 347 587 492 584 366 613 606 379 525 81 397 570 484 442 60 252 242 737 266 392 512 208 712 7 632 236 78 431 470 457 52 103 399 757 2 247 426 446 740 280 753 57 44 328 411 368 408 498 371 520 167 346 100 532 777 398 182 440 93 576 511 388 799 209 619 717 198 375 173 188 711 404 152 80 605 185 312 621 459 38 260 160 15 201 72 258 428 321 659 215 169 126 692 218 414 137 695 143 641 55 648 112 467 638 785 153 196 390 83 353 778 306 116 573 742 722 615 309 596 538 109 35 88 186 604 693 283 344 162 287 87 425 797 676 123 274 373 551 547 389 575 402 223 288 318 748 141 246 763 359 323 715 650 579 406 620 214 782 197 164 595 111 430 769 417 708 301 115 566 138 365 155 98 423 279 616 796 558 627 519 568 295 455 774 553 369 272 450 319 580 709 536 607 187 664 147 634 687 293 780 608 751 282 357 690 248 352 453 407 671 508 601 438 418 199 20 89 332 477 232 574 754 658 663 268 264 178 271 253 535 629 581 654 630 158 204 330 726 422 626 704 27 589 505 6 94 395 25 611 468 517 70 713 159 31 670 107 350 494 734 714 475 385 561 30 325 677 40 122 705 643 554 273 668 157 45 683 333 635 755 403 180 79 624 526 396 195 41 592 370 448 113 710 585 259 172 513 305 725 372 238 655 269 381 539 667 315 47 17 636 548 200 501 637 686 297 447 292 762 652 148 299 682 3 720 230 789 672 237 217 4 0 213 444 490 124 506 415 255 456 133 106 555 37 84 432 73 461 758 597 151 250 296 90 792 360 706 39 356 336 34 150 256 382 788 374 265 487 171 437 21 354 766 194 466 349 759 161 261 401 227 420 351 224 66 559 220 239 700 661 270 380 121 48 343 63 156 229 400 451 793 786 588 46 684 552 567 257 503 139 393 617 462 179 5 719 311 71 348 633 469 241 391 16 729 140 249 131 644 571 23 765 307 480 577 550 528 361 502 104 205 491 496 303 211 590 602 412 465 8 267 191 221 43 276 
exact_result:474336117  是否排列1 ax=9557  bx=49614  cx=175119  obj=474336117
 ax上界求解时间：9.781000 上界花费时间：9.828000
 ax下界求解时间：8.391000 下界花费时间：8.438000 
bx上界求解时间：9.750000 上界花费时间：9.797000
 bx下界求解时间：10.250000 下界花费时间：10.297000 
模型总求解时间：68.594000  模型求解时间：26.828000 axbx上下届时间：40.860000 结果是否最优:y
***********
Minimum Execution Time:68.594000
Maximum Execution Time:68.594000
Average Execution Time:68.594000
