best_sol:91 32 119 59 199 109 177 25 179 13 105 49 101 94 8 6 191 121 0 141 156 159 54 48 171 31 53 173 97 15 22 184 79 187 174 169 160 194 66 60 30 151 142 55 147 84 163 157 52 89 4 67 46 16 34 78 86 176 192 73 161 190 71 104 61 158 35 64 120 193 44 114 81 117 168 130 39 146 5 165 26 43 29 93 92 122 1 170 113 98 135 72 20 131 77 150 36 103 9 107 154 3 183 185 88 136 155 10 63 99 47 178 42 196 50 65 102 106 7 85 164 129 19 133 17 166 143 90 132 148 162 68 198 87 153 115 69 123 23 124 33 125 27 62 126 40 152 24 14 70 28 140 189 172 110 116 137 145 45 12 75 188 11 100 175 128 182 51 95 127 57 83 195 186 80 18 58 149 76 2 180 74 197 181 167 112 111 21 56 82 37 144 118 139 108 96 38 41 134 138 
exact_result:-922424  是否排列1 ax=1761  bx=34  cx=-182298  obj=-922424
 ax上界求解时间：0.281000 上界花费时间：0.281000
 ax下界求解时间：0.297000 下界花费时间：0.297000 
bx上界求解时间：0.328000 上界花费时间：0.328000
 bx下界求解时间：0.328000 下界花费时间：0.328000 
模型总求解时间：19.689000  模型求解时间：18.203000 axbx上下届时间：1.423000 结果是否最优:y
***********
Minimum Execution Time:19.689000
Maximum Execution Time:19.689000
Average Execution Time:19.689000
